[[3.0, 4.0, 5.0, 14.0, 18.0, 20.0, 21.0, 22.0, 23.0, 24.0, 25.0, 26.0, 27.0, 30.0, 33.0], '116.0', '0.9627450980392157\n']    1
[[3.0, 4.0, 5.0, 14.0, 17.0, 18.0, 19.0, 20.0, 22.0, 23.0, 24.0, 25.0, 27.0, 30.0, 33.0], '116.0', '0.9568627450980393\n']    1
[[3.0, 4.0, 5.0, 14.0, 16.0, 18.0, 20.0, 21.0, 22.0, 23.0, 25.0, 26.0, 27.0, 30.0, 32.0], '116.0', '0.9558823529411765\n']    1
[[3.0, 4.0, 5.0, 14.0, 16.0, 17.0, 19.0, 20.0, 21.0, 24.0, 25.0, 26.0, 30.0, 31.0, 34.0], '116.0', '0.9558823529411765\n']    1
[[3.0, 4.0, 5.0, 14.0, 16.0, 17.0, 18.0, 19.0, 20.0, 21.0, 22.0, 24.0, 26.0, 30.0, 32.0, 34.0], '116.0', '0.9563725490196079\n']    1
[[3.0, 4.0, 5.0, 14.0, 16.0, 17.0, 18.0, 19.0, 20.0, 21.0, 22.0, 23.0, 25.0, 26.0, 27.0, 32.0], '116.0', '0.9607843137254902\n']    1
[[3.0, 4.0, 5.0, 14.0, 15.0, 18.0, 20.0, 22.0, 23.0, 24.0, 25.0, 27.0, 30.0, 31.0, 33.0], '116.0', '0.9568627450980393\n']    1
[[3.0, 4.0, 5.0, 14.0, 15.0, 18.0, 19.0, 21.0, 22.0, 24.0, 25.0, 30.0, 31.0, 33.0, 34.0], '116.0', '0.9593137254901961\n']    1
[[2.0, 5.0, 14.0, 15.0, 18.0, 19.0, 20.0, 21.0, 22.0, 23.0, 24.0, 26.0, 27.0, 30.0, 33.0], '116.0', '0.957843137254902\n']    1
[[2.0, 5.0, 14.0, 15.0, 18.0, 19.0, 20.0, 21.0, 22.0, 23.0, 24.0, 25.0, 27.0, 30.0, 33.0], '116.0', '0.9588235294117647\n']    1
[[2.0, 4.0, 15.0, 16.0, 17.0, 18.0, 19.0, 20.0, 21.0, 22.0, 24.0, 25.0, 26.0, 31.0, 34.0], '116.0', '0.9563725490196079\n']    1
[[2.0, 4.0, 14.0, 16.0, 18.0, 19.0, 20.0, 22.0, 23.0, 24.0, 25.0, 26.0, 28.0, 30.0, 31.0], '116.0', '0.9549019607843138\n']    1
[[3.0, 4.0, 5.0, 14.0, 18.0, 20.0, 21.0, 22.0, 23.0, 24.0, 25.0, 26.0, 27.0, 30.0, 33.0], '116.0', '0.9627450980392157\n']    1
[[3.0, 4.0, 5.0, 14.0, 17.0, 18.0, 19.0, 20.0, 22.0, 23.0, 24.0, 25.0, 27.0, 30.0, 33.0], '116.0', '0.9568627450980393\n']    1
[[3.0, 4.0, 5.0, 14.0, 16.0, 18.0, 20.0, 21.0, 22.0, 23.0, 25.0, 26.0, 27.0, 30.0, 32.0], '116.0', '0.9558823529411765\n']    1
[[3.0, 4.0, 5.0, 14.0, 16.0, 17.0, 19.0, 20.0, 21.0, 24.0, 25.0, 26.0, 30.0, 31.0, 34.0], '116.0', '0.9558823529411765\n']    1
[[3.0, 4.0, 5.0, 14.0, 16.0, 17.0, 18.0, 19.0, 20.0, 21.0, 22.0, 24.0, 26.0, 30.0, 32.0, 34.0], '116.0', '0.9563725490196079\n']    1
[[3.0, 4.0, 5.0, 14.0, 16.0, 17.0, 18.0, 19.0, 20.0, 21.0, 22.0, 23.0, 25.0, 26.0, 27.0, 32.0], '116.0', '0.9607843137254902\n']    1
[[3.0, 4.0, 5.0, 14.0, 15.0, 18.0, 20.0, 22.0, 23.0, 24.0, 25.0, 27.0, 30.0, 31.0, 33.0], '116.0', '0.9568627450980393\n']    1
[[3.0, 4.0, 5.0, 14.0, 15.0, 18.0, 19.0, 21.0, 22.0, 24.0, 25.0, 30.0, 31.0, 33.0, 34.0], '116.0', '0.9593137254901961\n']    1
[[2.0, 5.0, 14.0, 15.0, 18.0, 19.0, 20.0, 21.0, 22.0, 23.0, 24.0, 26.0, 27.0, 30.0, 33.0], '116.0', '0.957843137254902\n']    1
[[2.0, 5.0, 14.0, 15.0, 18.0, 19.0, 20.0, 21.0, 22.0, 23.0, 24.0, 25.0, 27.0, 30.0, 33.0], '116.0', '0.9588235294117647\n']    1
[[2.0, 4.0, 15.0, 16.0, 17.0, 18.0, 19.0, 20.0, 21.0, 22.0, 24.0, 25.0, 26.0, 31.0, 34.0], '116.0', '0.9563725490196079\n']    1
[[2.0, 4.0, 14.0, 16.0, 18.0, 19.0, 20.0, 22.0, 23.0, 24.0, 25.0, 26.0, 28.0, 30.0, 31.0], '116.0', '0.9549019607843138\n']    1
[[2.0, 4.0, 14.0, 16.0, 17.0, 18.0, 19.0, 20.0, 22.0, 23.0, 24.0, 25.0, 26.0, 28.0, 30.0], '116.0', '0.9607843137254902\n']    1
[[2.0, 4.0, 14.0, 16.0, 17.0, 18.0, 19.0, 20.0, 21.0, 24.0, 25.0, 26.0, 28.0, 31.0, 34.0], '116.0', '0.9558823529411765\n']    1
[[2.0, 4.0, 14.0, 16.0, 17.0, 18.0, 19.0, 20.0, 21.0, 23.0, 24.0, 27.0, 30.0, 31.0, 35.0], '116.0', '0.9549019607843138\n']    1
[[2.0, 4.0, 5.0, 16.0, 18.0, 19.0, 20.0, 21.0, 22.0, 23.0, 24.0, 26.0, 30.0, 31.0, 35.0], '116.0', '0.9549019607843138\n']    1
[[2.0, 4.0, 5.0, 15.0, 17.0, 18.0, 19.0, 20.0, 21.0, 23.0, 24.0, 26.0, 27.0, 30.0, 31.0, 33.0], '116.0', '0.9588235294117647\n']    1
[[2.0, 4.0, 5.0, 15.0, 17.0, 18.0, 19.0, 20.0, 21.0, 23.0, 24.0, 25.0, 27.0, 30.0, 31.0, 33.0], '116.0', '0.9529411764705882\n']    1
[[2.0, 4.0, 5.0, 15.0, 17.0, 18.0, 19.0, 20.0, 21.0, 22.0, 23.0, 24.0, 26.0, 30.0, 31.0, 33.0], '116.0', '0.9529411764705882\n']    1
[[2.0, 4.0, 5.0, 15.0, 17.0, 18.0, 19.0, 20.0, 21.0, 22.0, 23.0, 24.0, 25.0, 30.0, 31.0, 33.0], '116.0', '0.9588235294117647\n']    1
[[2.0, 4.0, 5.0, 15.0, 16.0, 18.0, 20.0, 21.0, 23.0, 24.0, 25.0, 27.0, 30.0, 31.0, 35.0], '116.0', '0.9549019607843138\n']    1
[[2.0, 4.0, 5.0, 15.0, 16.0, 18.0, 19.0, 20.0, 21.0, 23.0, 24.0, 25.0, 26.0, 30.0, 31.0, 35.0], '116.0', '0.9568627450980393\n']    1
[[2.0, 4.0, 5.0, 15.0, 16.0, 18.0, 19.0, 20.0, 21.0, 22.0, 23.0, 26.0, 27.0, 30.0, 31.0, 33.0], '116.0', '0.9558823529411765\n']    1
[[2.0, 4.0, 5.0, 15.0, 16.0, 18.0, 19.0, 20.0, 21.0, 22.0, 23.0, 26.0, 27.0, 28.0, 30.0, 31.0], '116.0', '0.9558823529411765\n']    1
[[2.0, 4.0, 5.0, 15.0, 16.0, 17.0, 18.0, 19.0, 20.0, 21.0, 23.0, 26.0, 27.0, 30.0, 31.0, 33.0], '116.0', '0.9568627450980393\n']    1
[[2.0, 4.0, 5.0, 15.0, 16.0, 17.0, 18.0, 19.0, 20.0, 21.0, 22.0, 23.0, 26.0, 30.0, 31.0, 33.0], '116.0', '0.9588235294117647\n']    1
[[2.0, 4.0, 5.0, 15.0, 16.0, 17.0, 18.0, 19.0, 20.0, 21.0, 22.0, 23.0, 26.0, 28.0, 30.0, 31.0], '116.0', '0.9568627450980393\n']    1
[[2.0, 4.0, 5.0, 15.0, 16.0, 17.0, 18.0, 19.0, 20.0, 21.0, 22.0, 23.0, 26.0, 27.0, 30.0, 33.0], '116.0', '0.9539215686274509\n']    1
[[2.0, 4.0, 5.0, 15.0, 16.0, 17.0, 18.0, 19.0, 20.0, 21.0, 22.0, 23.0, 26.0, 27.0, 28.0, 30.0], '116.0', '0.9539215686274509\n']    1
[[2.0, 4.0, 5.0, 14.0, 18.0, 20.0, 21.0, 22.0, 23.0, 24.0, 26.0, 27.0, 30.0, 32.0, 33.0], '116.0', '0.9598039215686275\n']    1
[[2.0, 4.0, 5.0, 14.0, 18.0, 20.0, 21.0, 22.0, 23.0, 24.0, 25.0, 27.0, 30.0, 32.0, 33.0], '116.0', '0.9607843137254902\n']    1
[[2.0, 4.0, 5.0, 14.0, 16.0, 19.0, 20.0, 22.0, 23.0, 24.0, 25.0, 26.0, 30.0, 31.0, 33.0], '116.0', '0.9666666666666667\n']    1
[[2.0, 4.0, 5.0, 14.0, 16.0, 19.0, 20.0, 21.0, 22.0, 23.0, 24.0, 25.0, 26.0, 30.0, 31.0, 33.0], '116.0', '0.9568627450980393\n']    1
[[2.0, 4.0, 5.0, 14.0, 16.0, 18.0, 20.0, 21.0, 22.0, 23.0, 25.0, 27.0, 30.0, 32.0, 33.0], '116.0', '0.961764705882353\n']    1
[[2.0, 4.0, 5.0, 14.0, 16.0, 18.0, 20.0, 21.0, 22.0, 23.0, 25.0, 27.0, 29.0, 30.0, 32.0, 33.0], '116.0', '0.9580882352941177\n']    1
[[2.0, 4.0, 5.0, 14.0, 16.0, 18.0, 20.0, 21.0, 22.0, 23.0, 25.0, 26.0, 27.0, 32.0, 33.0], '116.0', '0.9539215686274509\n']    1
[[2.0, 4.0, 5.0, 14.0, 16.0, 18.0, 20.0, 21.0, 22.0, 23.0, 25.0, 26.0, 27.0, 28.0, 32.0], '116.0', '0.9558823529411765\n']    1
[[2.0, 4.0, 5.0, 14.0, 16.0, 18.0, 19.0, 21.0, 22.0, 23.0, 24.0, 26.0, 28.0, 31.0, 35.0], '116.0', '0.9598039215686275\n']    1
[[2.0, 4.0, 5.0, 14.0, 16.0, 18.0, 19.0, 20.0, 21.0, 22.0, 24.0, 26.0, 31.0, 32.0, 33.0, 34.0], '116.0', '0.9549019607843138\n']    1
[[2.0, 4.0, 5.0, 14.0, 16.0, 18.0, 19.0, 20.0, 21.0, 22.0, 24.0, 26.0, 28.0, 31.0, 32.0, 34.0], '116.0', '0.9563725490196079\n']    1
[[2.0, 4.0, 5.0, 14.0, 16.0, 18.0, 19.0, 20.0, 21.0, 22.0, 23.0, 27.0, 28.0, 31.0, 35.0], '116.0', '0.9490196078431372\n']    1
[[2.0, 4.0, 5.0, 14.0, 16.0, 18.0, 19.0, 20.0, 21.0, 22.0, 23.0, 24.0, 27.0, 28.0, 31.0, 35.0], '116.0', '0.9568627450980393\n']    1
[[2.0, 4.0, 5.0, 14.0, 16.0, 17.0, 19.0, 20.0, 22.0, 23.0, 24.0, 25.0, 26.0, 28.0, 30.0], '116.0', '0.9529411764705882\n']    1
[[2.0, 4.0, 5.0, 14.0, 15.0, 19.0, 20.0, 21.0, 22.0, 23.0, 24.0, 25.0, 27.0, 30.0, 31.0, 33.0], '116.0', '0.9647058823529412\n']    1
[[2.0, 4.0, 5.0, 14.0, 15.0, 18.0, 20.0, 21.0, 22.0, 24.0, 25.0, 27.0, 28.0, 33.0, 34.0], '116.0', '0.9568627450980393\n']    1
[[2.0, 4.0, 5.0, 14.0, 15.0, 18.0, 20.0, 21.0, 22.0, 23.0, 24.0, 25.0, 27.0, 28.0, 33.0, 34.0], '116.0', '0.9637254901960784\n']    1
[[2.0, 4.0, 5.0, 14.0, 15.0, 18.0, 19.0, 20.0, 21.0, 22.0, 24.0, 25.0, 27.0, 28.0, 33.0, 34.0], '116.0', '0.9568627450980393\n']    1
[[2.0, 3.0, 15.0, 16.0, 18.0, 19.0, 20.0, 21.0, 22.0, 23.0, 25.0, 26.0, 27.0, 30.0, 31.0], '116.0', '0.9637254901960784\n']    1
[[2.0, 3.0, 15.0, 16.0, 17.0, 18.0, 20.0, 21.0, 23.0, 24.0, 25.0, 26.0, 27.0, 30.0, 31.0], '116.0', '0.9568627450980393\n']    1
[[2.0, 3.0, 14.0, 16.0, 17.0, 18.0, 19.0, 20.0, 21.0, 23.0, 24.0, 25.0, 27.0, 31.0, 35.0], '116.0', '0.9588235294117647\n']    1
[[2.0, 3.0, 14.0, 15.0, 18.0, 19.0, 20.0, 22.0, 23.0, 24.0, 25.0, 27.0, 30.0, 31.0, 33.0], '116.0', '0.961764705882353\n']    1
[[2.0, 3.0, 5.0, 16.0, 18.0, 19.0, 20.0, 21.0, 22.0, 23.0, 24.0, 25.0, 26.0, 31.0, 35.0], '116.0', '0.9549019607843138\n']    1
[[2.0, 3.0, 5.0, 16.0, 17.0, 19.0, 20.0, 21.0, 22.0, 23.0, 24.0, 25.0, 26.0, 30.0, 31.0], '116.0', '0.9568627450980393\n']    1
[[2.0, 3.0, 5.0, 15.0, 16.0, 18.0, 20.0, 21.0, 23.0, 24.0, 25.0, 26.0, 27.0, 31.0, 35.0], '116.0', '0.9549019607843138\n']    1
[[2.0, 3.0, 5.0, 15.0, 16.0, 18.0, 19.0, 20.0, 21.0, 23.0, 25.0, 26.0, 27.0, 31.0, 35.0], '116.0', '0.9549019607843138\n']    1
[[2.0, 3.0, 5.0, 15.0, 16.0, 18.0, 19.0, 20.0, 21.0, 22.0, 23.0, 26.0, 27.0, 31.0, 33.0, 34.0], '116.0', '0.9583333333333334\n']    1
[[2.0, 3.0, 5.0, 15.0, 16.0, 18.0, 19.0, 20.0, 21.0, 22.0, 23.0, 26.0, 27.0, 28.0, 31.0, 34.0], '116.0', '0.961764705882353\n']    1
[[2.0, 3.0, 5.0, 15.0, 16.0, 18.0, 19.0, 20.0, 21.0, 22.0, 23.0, 25.0, 27.0, 30.0, 31.0, 32.0], '116.0', '0.9558823529411765\n']    1
[[2.0, 3.0, 5.0, 15.0, 16.0, 18.0, 19.0, 20.0, 21.0, 22.0, 23.0, 25.0, 26.0, 31.0, 35.0], '116.0', '0.9549019607843138\n']    1
[[2.0, 3.0, 5.0, 15.0, 16.0, 18.0, 19.0, 20.0, 21.0, 22.0, 23.0, 25.0, 26.0, 27.0, 35.0], '116.0', '0.9637254901960784\n']    1
[[2.0, 3.0, 5.0, 15.0, 16.0, 17.0, 19.0, 20.0, 21.0, 22.0, 23.0, 25.0, 26.0, 27.0, 30.0], '116.0', '0.9637254901960784\n']    1
[[2.0, 3.0, 5.0, 15.0, 16.0, 17.0, 18.0, 19.0, 20.0, 21.0, 23.0, 25.0, 27.0, 30.0, 31.0, 32.0], '116.0', '0.9568627450980393\n']    1
[[2.0, 3.0, 5.0, 15.0, 16.0, 17.0, 18.0, 19.0, 20.0, 21.0, 22.0, 23.0, 26.0, 27.0, 28.0, 34.0], '116.0', '0.961764705882353\n']    1
[[2.0, 3.0, 5.0, 15.0, 16.0, 17.0, 18.0, 19.0, 20.0, 21.0, 22.0, 23.0, 25.0, 27.0, 30.0, 32.0], '116.0', '0.9539215686274509\n']    1
[[2.0, 3.0, 5.0, 14.0, 18.0, 20.0, 21.0, 22.0, 23.0, 24.0, 25.0, 27.0, 30.0, 32.0, 33.0], '116.0', '0.9676470588235294\n']    1
[[2.0, 3.0, 5.0, 14.0, 18.0, 20.0, 21.0, 22.0, 23.0, 24.0, 25.0, 26.0, 27.0, 32.0, 33.0], '116.0', '0.9627450980392157\n']    1
[[2.0, 3.0, 5.0, 14.0, 18.0, 19.0, 21.0, 22.0, 23.0, 24.0, 25.0, 28.0, 30.0, 31.0, 33.0], '116.0', '0.9549019607843138\n']    1
[[2.0, 3.0, 5.0, 14.0, 18.0, 19.0, 20.0, 21.0, 24.0, 26.0, 30.0, 31.0, 32.0, 33.0, 34.0], '116.0', '0.9465686274509804\n']    1
[[2.0, 3.0, 5.0, 14.0, 18.0, 19.0, 20.0, 21.0, 24.0, 25.0, 30.0, 31.0, 32.0, 33.0, 34.0], '116.0', '0.9504901960784313\n']    1
[[2.0, 3.0, 5.0, 14.0, 17.0, 19.0, 20.0, 21.0, 23.0, 24.0, 25.0, 27.0, 30.0, 31.0, 33.0], '116.0', '0.9529411764705882\n']    1
[[2.0, 3.0, 5.0, 14.0, 17.0, 19.0, 20.0, 21.0, 22.0, 23.0, 24.0, 25.0, 30.0, 31.0, 33.0], '116.0', '0.9529411764705882\n']    1
[[2.0, 3.0, 5.0, 14.0, 17.0, 18.0, 19.0, 21.0, 22.0, 23.0, 24.0, 25.0, 28.0, 31.0, 33.0], '116.0', '0.9607843137254902\n']    1
[[2.0, 3.0, 5.0, 14.0, 17.0, 18.0, 19.0, 21.0, 22.0, 23.0, 24.0, 25.0, 28.0, 30.0, 33.0], '116.0', '0.9549019607843138\n']    1
[[2.0, 3.0, 5.0, 14.0, 17.0, 18.0, 19.0, 20.0, 22.0, 23.0, 24.0, 25.0, 27.0, 32.0, 33.0], '116.0', '0.9568627450980393\n']    1
[[2.0, 3.0, 5.0, 14.0, 16.0, 18.0, 19.0, 21.0, 22.0, 23.0, 24.0, 26.0, 28.0, 31.0, 35.0], '116.0', '0.9568627450980393\n']    1
[[2.0, 3.0, 5.0, 14.0, 16.0, 18.0, 19.0, 20.0, 22.0, 23.0, 24.0, 25.0, 26.0, 32.0, 35.0], '116.0', '0.9588235294117647\n']    1
[[2.0, 3.0, 5.0, 14.0, 16.0, 18.0, 19.0, 20.0, 21.0, 25.0, 30.0, 31.0, 32.0, 33.0, 34.0], '116.0', '0.9549019607843138\n']    1
[[2.0, 3.0, 5.0, 14.0, 16.0, 18.0, 19.0, 20.0, 21.0, 25.0, 26.0, 31.0, 32.0, 33.0, 34.0], '116.0', '0.9593137254901961\n']    1
[[2.0, 3.0, 5.0, 14.0, 16.0, 18.0, 19.0, 20.0, 21.0, 25.0, 26.0, 28.0, 31.0, 32.0, 34.0], '116.0', '0.9598039215686275\n']    1
[[2.0, 3.0, 5.0, 14.0, 16.0, 18.0, 19.0, 20.0, 21.0, 24.0, 26.0, 31.0, 32.0, 34.0, 35.0], '116.0', '0.9495098039215686\n']    1
[[2.0, 3.0, 5.0, 14.0, 16.0, 17.0, 18.0, 19.0, 21.0, 22.0, 23.0, 24.0, 26.0, 28.0, 35.0], '116.0', '0.9568627450980393\n']    1
[[2.0, 3.0, 5.0, 14.0, 16.0, 17.0, 18.0, 19.0, 20.0, 21.0, 25.0, 26.0, 28.0, 32.0, 34.0], '116.0', '0.9598039215686275\n']    1
[[2.0, 3.0, 5.0, 14.0, 15.0, 19.0, 20.0, 21.0, 22.0, 24.0, 25.0, 27.0, 30.0, 33.0, 34.0], '116.0', '0.9602941176470589\n']    1
[[2.0, 3.0, 5.0, 14.0, 15.0, 19.0, 20.0, 21.0, 22.0, 23.0, 24.0, 25.0, 27.0, 30.0, 33.0, 34.0], '116.0', '0.9651960784313726\n']    1
[[2.0, 3.0, 5.0, 14.0, 15.0, 18.0, 20.0, 22.0, 23.0, 24.0, 25.0, 27.0, 31.0, 32.0, 33.0], '116.0', '0.9568627450980393\n']    1
[[2.0, 3.0, 5.0, 14.0, 15.0, 18.0, 20.0, 21.0, 22.0, 23.0, 25.0, 28.0, 30.0, 31.0, 33.0], '116.0', '0.9549019607843138\n']    1
[[2.0, 3.0, 5.0, 14.0, 15.0, 18.0, 19.0, 21.0, 22.0, 24.0, 30.0, 31.0, 32.0, 33.0, 34.0], '116.0', '0.9602941176470589\n']    1
[[2.0, 3.0, 5.0, 14.0, 15.0, 18.0, 19.0, 21.0, 22.0, 23.0, 26.0, 27.0, 28.0, 30.0, 33.0], '116.0', '0.9598039215686275\n']    1
[[2.0, 3.0, 5.0, 14.0, 15.0, 18.0, 19.0, 20.0, 21.0, 24.0, 27.0, 30.0, 31.0, 32.0, 33.0, 34.0], '116.0', '0.9485294117647058\n']    1
[[2.0, 3.0, 5.0, 14.0, 15.0, 18.0, 19.0, 20.0, 21.0, 23.0, 24.0, 25.0, 27.0, 30.0, 31.0, 32.0, 33.0], '116.0', '0.9607843137254902\n']    1
[[2.0, 3.0, 5.0, 14.0, 15.0, 18.0, 19.0, 20.0, 21.0, 22.0, 24.0, 30.0, 31.0, 32.0, 33.0, 34.0], '116.0', '0.9504901960784313\n']    1
[[2.0, 3.0, 5.0, 14.0, 15.0, 18.0, 19.0, 20.0, 21.0, 22.0, 24.0, 25.0, 27.0, 30.0, 31.0, 33.0, 34.0], '116.0', '0.9602941176470589\n']    1
[[2.0, 3.0, 5.0, 14.0, 15.0, 18.0, 19.0, 20.0, 21.0, 22.0, 23.0, 24.0, 25.0, 30.0, 31.0, 32.0, 33.0], '116.0', '0.9529411764705882\n']    1
[[2.0, 3.0, 5.0, 14.0, 15.0, 18.0, 19.0, 20.0, 21.0, 22.0, 23.0, 24.0, 25.0, 27.0, 30.0, 32.0, 33.0], '116.0', '0.9676470588235294\n']    1
[[2.0, 3.0, 5.0, 14.0, 15.0, 18.0, 19.0, 20.0, 21.0, 22.0, 23.0, 24.0, 25.0, 27.0, 30.0, 31.0, 33.0, 34.0], '116.0', '0.9651960784313726\n']    1
[[2.0, 3.0, 5.0, 14.0, 15.0, 17.0, 19.0, 20.0, 22.0, 23.0, 24.0, 25.0, 27.0, 30.0, 33.0], '116.0', '0.961764705882353\n']    1
[[2.0, 3.0, 4.0, 16.0, 18.0, 20.0, 21.0, 22.0, 23.0, 25.0, 26.0, 27.0, 30.0, 31.0, 32.0], '116.0', '0.9656862745098039\n']    1
[[2.0, 3.0, 4.0, 16.0, 18.0, 19.0, 20.0, 21.0, 22.0, 24.0, 26.0, 30.0, 31.0, 34.0, 35.0], '116.0', '0.9602941176470589\n']    1
[[2.0, 3.0, 4.0, 16.0, 18.0, 19.0, 20.0, 21.0, 22.0, 23.0, 24.0, 26.0, 30.0, 31.0, 34.0, 35.0], '116.0', '0.9583333333333334\n']    1
[[2.0, 3.0, 4.0, 16.0, 17.0, 18.0, 19.0, 20.0, 21.0, 22.0, 24.0, 26.0, 31.0, 34.0, 35.0], '116.0', '0.9622549019607843\n']    1
[[2.0, 3.0, 4.0, 16.0, 17.0, 18.0, 19.0, 20.0, 21.0, 22.0, 23.0, 24.0, 26.0, 31.0, 34.0, 35.0], '116.0', '0.9602941176470589\n']    1
[[2.0, 3.0, 4.0, 15.0, 16.0, 18.0, 19.0, 20.0, 21.0, 22.0, 24.0, 26.0, 30.0, 31.0, 34.0, 35.0], '116.0', '0.9553921568627451\n']    1
[[2.0, 3.0, 4.0, 15.0, 16.0, 17.0, 18.0, 20.0, 21.0, 24.0, 26.0, 30.0, 31.0, 34.0, 35.0], '116.0', '0.957843137254902\n']    1
[[2.0, 3.0, 4.0, 15.0, 16.0, 17.0, 18.0, 20.0, 21.0, 24.0, 25.0, 26.0, 31.0, 34.0, 35.0], '116.0', '0.9553921568627451\n']    1
[[2.0, 3.0, 4.0, 15.0, 16.0, 17.0, 18.0, 20.0, 21.0, 22.0, 24.0, 26.0, 31.0, 34.0, 35.0], '116.0', '0.9563725490196079\n']    1
[[2.0, 3.0, 4.0, 15.0, 16.0, 17.0, 18.0, 20.0, 21.0, 22.0, 23.0, 24.0, 26.0, 31.0, 34.0, 35.0], '116.0', '0.9642156862745098\n']    1
[[2.0, 3.0, 4.0, 15.0, 16.0, 17.0, 18.0, 19.0, 21.0, 22.0, 24.0, 26.0, 31.0, 34.0, 35.0], '116.0', '0.9583333333333334\n']    1
[[2.0, 3.0, 4.0, 15.0, 16.0, 17.0, 18.0, 19.0, 20.0, 21.0, 22.0, 24.0, 26.0, 31.0, 34.0, 35.0], '116.0', '0.9622549019607843\n']    1
[[2.0, 3.0, 4.0, 15.0, 16.0, 17.0, 18.0, 19.0, 20.0, 21.0, 22.0, 24.0, 26.0, 30.0, 34.0, 35.0], '116.0', '0.9612745098039216\n']    1
[[2.0, 3.0, 4.0, 14.0, 18.0, 20.0, 22.0, 23.0, 24.0, 25.0, 27.0, 30.0, 31.0, 32.0, 33.0], '116.0', '0.961764705882353\n']    1
[[2.0, 3.0, 4.0, 14.0, 18.0, 19.0, 20.0, 23.0, 25.0, 26.0, 27.0, 28.0, 30.0, 31.0, 33.0], '116.0', '0.9568627450980393\n']    1
[[2.0, 3.0, 4.0, 14.0, 18.0, 19.0, 20.0, 22.0, 23.0, 24.0, 25.0, 27.0, 30.0, 33.0, 35.0], '116.0', '0.9568627450980393\n']    1
[[2.0, 3.0, 4.0, 14.0, 16.0, 18.0, 21.0, 22.0, 23.0, 24.0, 27.0, 30.0, 31.0, 32.0, 35.0], '116.0', '0.9549019607843138\n']    1
[[2.0, 3.0, 4.0, 14.0, 16.0, 18.0, 20.0, 21.0, 22.0, 23.0, 24.0, 26.0, 30.0, 32.0, 34.0, 35.0], '116.0', '0.957843137254902\n']    1
[[2.0, 3.0, 4.0, 14.0, 16.0, 18.0, 19.0, 22.0, 23.0, 24.0, 25.0, 30.0, 31.0, 33.0, 35.0], '116.0', '0.9568627450980393\n']    1
[[2.0, 3.0, 4.0, 14.0, 16.0, 18.0, 19.0, 21.0, 22.0, 23.0, 25.0, 26.0, 28.0, 30.0, 31.0, 33.0], '116.0', '0.9607843137254902\n']    1
[[2.0, 3.0, 4.0, 14.0, 16.0, 18.0, 19.0, 21.0, 22.0, 23.0, 24.0, 26.0, 30.0, 31.0, 32.0, 35.0], '116.0', '0.9529411764705882\n']    1
[[2.0, 3.0, 4.0, 14.0, 16.0, 18.0, 19.0, 20.0, 21.0, 22.0, 23.0, 25.0, 26.0, 27.0, 32.0, 35.0], '116.0', '0.9607843137254902\n']    1
[[2.0, 3.0, 4.0, 14.0, 16.0, 17.0, 18.0, 19.0, 22.0, 23.0, 24.0, 25.0, 26.0, 28.0, 35.0], '116.0', '0.9607843137254902\n']    1
[[2.0, 3.0, 4.0, 14.0, 16.0, 17.0, 18.0, 19.0, 21.0, 22.0, 23.0, 24.0, 27.0, 31.0, 32.0, 35.0], '116.0', '0.9627450980392157\n']    1
[[2.0, 3.0, 4.0, 14.0, 16.0, 17.0, 18.0, 19.0, 20.0, 21.0, 24.0, 27.0, 31.0, 32.0, 34.0, 35.0], '116.0', '0.9612745098039216\n']    1
[[2.0, 3.0, 4.0, 14.0, 15.0, 18.0, 20.0, 22.0, 23.0, 25.0, 26.0, 28.0, 30.0, 31.0, 33.0], '116.0', '0.9529411764705882\n']    1
[[2.0, 3.0, 4.0, 5.0, 18.0, 20.0, 21.0, 22.0, 23.0, 24.0, 26.0, 27.0, 30.0, 33.0, 35.0], '116.0', '0.9627450980392157\n']    1
[[2.0, 3.0, 4.0, 5.0, 18.0, 20.0, 21.0, 22.0, 23.0, 24.0, 25.0, 27.0, 30.0, 33.0, 35.0], '116.0', '0.9627450980392157\n']    1
[[2.0, 3.0, 4.0, 5.0, 16.0, 19.0, 20.0, 21.0, 22.0, 24.0, 26.0, 30.0, 31.0, 34.0, 35.0], '116.0', '0.9598039215686275\n']    1
[[2.0, 3.0, 4.0, 5.0, 16.0, 19.0, 20.0, 21.0, 22.0, 23.0, 24.0, 26.0, 30.0, 31.0, 34.0, 35.0], '116.0', '0.961764705882353\n']    1
[[2.0, 3.0, 4.0, 5.0, 16.0, 18.0, 20.0, 21.0, 22.0, 23.0, 26.0, 27.0, 30.0, 32.0, 35.0], '116.0', '0.9558823529411765\n']    1
[[2.0, 3.0, 4.0, 5.0, 16.0, 18.0, 20.0, 21.0, 22.0, 23.0, 25.0, 27.0, 30.0, 32.0, 35.0], '116.0', '0.9539215686274509\n']    1
[[2.0, 3.0, 4.0, 5.0, 16.0, 18.0, 20.0, 21.0, 22.0, 23.0, 25.0, 26.0, 27.0, 32.0, 35.0], '116.0', '0.9656862745098039\n']    1
[[2.0, 3.0, 4.0, 5.0, 16.0, 18.0, 19.0, 20.0, 21.0, 22.0, 24.0, 26.0, 31.0, 32.0, 34.0, 35.0], '116.0', '0.9553921568627451\n']    1
[[2.0, 3.0, 4.0, 5.0, 16.0, 17.0, 20.0, 21.0, 22.0, 23.0, 25.0, 26.0, 27.0, 30.0, 32.0], '116.0', '0.9656862745098039\n']    1
[[2.0, 3.0, 4.0, 5.0, 16.0, 17.0, 19.0, 20.0, 21.0, 22.0, 24.0, 26.0, 30.0, 31.0, 32.0, 34.0], '116.0', '0.9642156862745098\n']    1
[[2.0, 3.0, 4.0, 5.0, 16.0, 17.0, 18.0, 19.0, 20.0, 21.0, 22.0, 24.0, 26.0, 30.0, 31.0, 34.0, 35.0], '116.0', '0.9598039215686275\n']    1
[[2.0, 3.0, 4.0, 5.0, 16.0, 17.0, 18.0, 19.0, 20.0, 21.0, 22.0, 23.0, 27.0, 30.0, 32.0, 35.0], '116.0', '0.9568627450980393\n']    1
[[2.0, 3.0, 4.0, 5.0, 15.0, 17.0, 18.0, 19.0, 21.0, 23.0, 26.0, 27.0, 28.0, 30.0, 31.0, 33.0], '116.0', '0.9588235294117647\n']    1
[[2.0, 3.0, 4.0, 5.0, 15.0, 17.0, 18.0, 19.0, 21.0, 22.0, 23.0, 25.0, 28.0, 30.0, 31.0, 33.0], '116.0', '0.9588235294117647\n']    1
[[2.0, 3.0, 4.0, 5.0, 15.0, 16.0, 18.0, 20.0, 21.0, 25.0, 27.0, 31.0, 32.0, 34.0, 35.0], '116.0', '0.9563725490196079\n']    1
[[2.0, 3.0, 4.0, 5.0, 15.0, 16.0, 18.0, 20.0, 21.0, 24.0, 25.0, 27.0, 31.0, 32.0, 34.0, 35.0], '116.0', '0.9651960784313726\n']    1
[[2.0, 3.0, 4.0, 5.0, 15.0, 16.0, 18.0, 20.0, 21.0, 22.0, 23.0, 27.0, 30.0, 31.0, 32.0, 35.0], '116.0', '0.9607843137254902\n']    1
[[2.0, 3.0, 4.0, 5.0, 15.0, 16.0, 18.0, 20.0, 21.0, 22.0, 23.0, 26.0, 27.0, 31.0, 32.0, 35.0], '116.0', '0.9588235294117647\n']    1
[[2.0, 3.0, 4.0, 5.0, 15.0, 16.0, 18.0, 20.0, 21.0, 22.0, 23.0, 25.0, 27.0, 31.0, 32.0, 35.0], '116.0', '0.9607843137254902\n']    1
[[2.0, 3.0, 4.0, 5.0, 15.0, 16.0, 18.0, 19.0, 21.0, 23.0, 25.0, 26.0, 28.0, 30.0, 31.0, 35.0], '116.0', '0.9568627450980393\n']    1
[[2.0, 3.0, 4.0, 5.0, 15.0, 16.0, 18.0, 19.0, 20.0, 21.0, 22.0, 23.0, 26.0, 27.0, 28.0, 30.0, 31.0, 33.0], '116.0', '0.9539215686274509\n']    1
[[2.0, 3.0, 4.0, 5.0, 15.0, 16.0, 17.0, 18.0, 19.0, 21.0, 23.0, 26.0, 27.0, 31.0, 33.0, 35.0], '116.0', '0.9607843137254902\n']    1
[[2.0, 3.0, 4.0, 5.0, 15.0, 16.0, 17.0, 18.0, 19.0, 21.0, 23.0, 25.0, 26.0, 28.0, 30.0, 35.0], '116.0', '0.9529411764705882\n']    1
[[2.0, 3.0, 4.0, 5.0, 15.0, 16.0, 17.0, 18.0, 19.0, 21.0, 22.0, 23.0, 25.0, 31.0, 33.0, 35.0], '116.0', '0.9588235294117647\n']    1
[[2.0, 3.0, 4.0, 5.0, 15.0, 16.0, 17.0, 18.0, 19.0, 20.0, 21.0, 23.0, 26.0, 27.0, 28.0, 30.0, 31.0, 33.0], '116.0', '0.9568627450980393\n']    1
[[2.0, 3.0, 4.0, 5.0, 15.0, 16.0, 17.0, 18.0, 19.0, 20.0, 21.0, 22.0, 23.0, 26.0, 27.0, 28.0, 30.0, 33.0], '116.0', '0.957843137254902\n']    1
[[2.0, 3.0, 4.0, 5.0, 14.0, 20.0, 21.0, 22.0, 24.0, 25.0, 27.0, 30.0, 32.0, 33.0, 34.0], '116.0', '0.9602941176470589\n']    1
[[2.0, 3.0, 4.0, 5.0, 14.0, 19.0, 20.0, 23.0, 25.0, 26.0, 27.0, 28.0, 30.0, 31.0, 33.0], '116.0', '0.9627450980392157\n']    1
[[2.0, 3.0, 4.0, 5.0, 14.0, 18.0, 21.0, 22.0, 23.0, 26.0, 27.0, 28.0, 30.0, 32.0, 33.0], '116.0', '0.961764705882353\n']    1
[[2.0, 3.0, 4.0, 5.0, 14.0, 18.0, 20.0, 21.0, 22.0, 24.0, 25.0, 27.0, 30.0, 31.0, 32.0, 33.0, 34.0], '116.0', '0.9602941176470589\n']    1
[[2.0, 3.0, 4.0, 5.0, 14.0, 18.0, 19.0, 22.0, 23.0, 24.0, 25.0, 26.0, 28.0, 33.0, 35.0], '116.0', '0.9588235294117647\n']    1
[[2.0, 3.0, 4.0, 5.0, 14.0, 17.0, 20.0, 22.0, 23.0, 24.0, 25.0, 27.0, 30.0, 32.0, 33.0], '116.0', '0.961764705882353\n']    1
[[2.0, 3.0, 4.0, 5.0, 14.0, 17.0, 19.0, 21.0, 22.0, 24.0, 25.0, 31.0, 32.0, 33.0, 34.0], '116.0', '0.9553921568627451\n']    1
[[2.0, 3.0, 4.0, 5.0, 14.0, 17.0, 19.0, 20.0, 23.0, 25.0, 26.0, 27.0, 28.0, 30.0, 33.0], '116.0', '0.9549019607843138\n']    1
[[2.0, 3.0, 4.0, 5.0, 14.0, 17.0, 19.0, 20.0, 21.0, 25.0, 26.0, 28.0, 31.0, 33.0, 34.0], '116.0', '0.9598039215686275\n']    1
[[2.0, 3.0, 4.0, 5.0, 14.0, 17.0, 18.0, 19.0, 21.0, 22.0, 24.0, 25.0, 28.0, 33.0, 35.0], '116.0', '0.9666666666666667\n']    1
[[2.0, 3.0, 4.0, 5.0, 14.0, 17.0, 18.0, 19.0, 21.0, 22.0, 24.0, 25.0, 28.0, 32.0, 33.0, 34.0], '116.0', '0.9553921568627451\n']    1
[[2.0, 3.0, 4.0, 5.0, 14.0, 17.0, 18.0, 19.0, 21.0, 22.0, 23.0, 26.0, 27.0, 28.0, 32.0, 33.0], '116.0', '0.9568627450980393\n']    1
[[2.0, 3.0, 4.0, 5.0, 14.0, 17.0, 18.0, 19.0, 21.0, 22.0, 23.0, 24.0, 25.0, 28.0, 33.0, 35.0], '116.0', '0.9637254901960784\n']    1
[[2.0, 3.0, 4.0, 5.0, 14.0, 17.0, 18.0, 19.0, 20.0, 21.0, 26.0, 27.0, 28.0, 32.0, 33.0, 34.0], '116.0', '0.9583333333333334\n']    1
[[2.0, 3.0, 4.0, 5.0, 14.0, 17.0, 18.0, 19.0, 20.0, 21.0, 22.0, 23.0, 27.0, 28.0, 33.0, 35.0], '116.0', '0.9529411764705882\n']    1
[[2.0, 3.0, 4.0, 5.0, 14.0, 16.0, 19.0, 22.0, 23.0, 25.0, 26.0, 28.0, 30.0, 31.0, 33.0], '116.0', '0.9666666666666667\n']    1
[[2.0, 3.0, 4.0, 5.0, 14.0, 16.0, 19.0, 22.0, 23.0, 24.0, 25.0, 26.0, 28.0, 31.0, 35.0], '116.0', '0.9568627450980393\n']    1
[[2.0, 3.0, 4.0, 5.0, 14.0, 16.0, 19.0, 21.0, 22.0, 25.0, 26.0, 28.0, 31.0, 33.0, 34.0], '116.0', '0.9568627450980393\n']    1
[[2.0, 3.0, 4.0, 5.0, 14.0, 16.0, 19.0, 21.0, 22.0, 23.0, 25.0, 26.0, 28.0, 31.0, 33.0, 34.0], '116.0', '0.9558823529411765\n']    1
[[2.0, 3.0, 4.0, 5.0, 14.0, 16.0, 19.0, 21.0, 22.0, 23.0, 25.0, 26.0, 28.0, 30.0, 31.0, 33.0], '116.0', '0.9568627450980393\n']    1
[[2.0, 3.0, 4.0, 5.0, 14.0, 16.0, 18.0, 21.0, 22.0, 23.0, 26.0, 27.0, 28.0, 32.0, 35.0], '116.0', '0.9588235294117647\n']    1
[[2.0, 3.0, 4.0, 5.0, 14.0, 16.0, 18.0, 20.0, 22.0, 23.0, 25.0, 27.0, 28.0, 32.0, 35.0], '116.0', '0.961764705882353\n']    1
[[2.0, 3.0, 4.0, 5.0, 14.0, 16.0, 18.0, 20.0, 21.0, 22.0, 27.0, 28.0, 32.0, 34.0, 35.0], '116.0', '0.9632352941176471\n']    1
[[2.0, 3.0, 4.0, 5.0, 14.0, 16.0, 18.0, 20.0, 21.0, 22.0, 24.0, 26.0, 27.0, 31.0, 32.0, 34.0, 35.0], '116.0', '0.9553921568627451\n']    1
[[2.0, 3.0, 4.0, 5.0, 14.0, 16.0, 18.0, 20.0, 21.0, 22.0, 23.0, 27.0, 28.0, 32.0, 34.0, 35.0], '116.0', '0.9720588235294118\n']    1
[[2.0, 3.0, 4.0, 5.0, 14.0, 16.0, 18.0, 20.0, 21.0, 22.0, 23.0, 25.0, 26.0, 27.0, 28.0, 32.0, 33.0], '116.0', '0.9558823529411765\n']    1
[[2.0, 3.0, 4.0, 5.0, 14.0, 16.0, 18.0, 19.0, 21.0, 22.0, 28.0, 30.0, 31.0, 32.0, 33.0, 34.0], '116.0', '0.9549019607843138\n']    1
[[2.0, 3.0, 4.0, 5.0, 14.0, 16.0, 18.0, 19.0, 20.0, 21.0, 22.0, 27.0, 28.0, 32.0, 34.0, 35.0], '116.0', '0.9549019607843138\n']    1
[[2.0, 3.0, 4.0, 5.0, 14.0, 16.0, 18.0, 19.0, 20.0, 21.0, 22.0, 24.0, 26.0, 30.0, 31.0, 32.0, 34.0, 35.0], '116.0', '0.9524509803921568\n']    1
[[2.0, 3.0, 4.0, 5.0, 14.0, 16.0, 17.0, 21.0, 22.0, 23.0, 25.0, 26.0, 27.0, 32.0, 33.0], '116.0', '0.9588235294117647\n']    1
[[2.0, 3.0, 4.0, 5.0, 14.0, 16.0, 17.0, 19.0, 22.0, 23.0, 24.0, 25.0, 30.0, 33.0, 35.0], '116.0', '0.9588235294117647\n']    1
[[2.0, 3.0, 4.0, 5.0, 14.0, 16.0, 17.0, 19.0, 21.0, 22.0, 25.0, 26.0, 32.0, 33.0, 34.0], '116.0', '0.9622549019607843\n']    1
[[2.0, 3.0, 4.0, 5.0, 14.0, 16.0, 17.0, 19.0, 21.0, 22.0, 23.0, 26.0, 30.0, 33.0, 35.0], '116.0', '0.9568627450980393\n']    1
[[2.0, 3.0, 4.0, 5.0, 14.0, 16.0, 17.0, 19.0, 21.0, 22.0, 23.0, 25.0, 26.0, 28.0, 30.0, 33.0], '116.0', '0.9607843137254902\n']    1
[[2.0, 3.0, 4.0, 5.0, 14.0, 16.0, 17.0, 18.0, 19.0, 21.0, 22.0, 28.0, 30.0, 32.0, 33.0, 34.0], '116.0', '0.9568627450980393\n']    1
[[2.0, 3.0, 4.0, 5.0, 14.0, 16.0, 17.0, 18.0, 19.0, 21.0, 22.0, 25.0, 26.0, 28.0, 31.0, 33.0, 34.0], '116.0', '0.9602941176470589\n']    1
[[2.0, 3.0, 4.0, 5.0, 14.0, 16.0, 17.0, 18.0, 19.0, 21.0, 22.0, 23.0, 24.0, 26.0, 28.0, 33.0, 35.0], '116.0', '0.957843137254902\n']    1
[[2.0, 3.0, 4.0, 5.0, 14.0, 16.0, 17.0, 18.0, 19.0, 20.0, 21.0, 22.0, 24.0, 30.0, 31.0, 33.0, 34.0, 35.0], '116.0', '0.9573529411764706\n']    1
[[2.0, 3.0, 4.0, 5.0, 14.0, 16.0, 17.0, 18.0, 19.0, 20.0, 21.0, 22.0, 23.0, 27.0, 28.0, 33.0, 35.0], '116.0', '0.9529411764705882\n']    1
[[2.0, 3.0, 4.0, 5.0, 14.0, 15.0, 20.0, 22.0, 23.0, 24.0, 25.0, 27.0, 30.0, 33.0, 35.0], '116.0', '0.9568627450980393\n']    1
[[2.0, 3.0, 4.0, 5.0, 14.0, 15.0, 18.0, 23.0, 24.0, 25.0, 26.0, 27.0, 28.0, 33.0, 35.0], '116.0', '0.9568627450980393\n']    1
[[2.0, 3.0, 4.0, 5.0, 14.0, 15.0, 18.0, 21.0, 22.0, 28.0, 30.0, 31.0, 32.0, 33.0, 34.0], '116.0', '0.9602941176470589\n']    1
[[2.0, 3.0, 4.0, 5.0, 14.0, 15.0, 18.0, 20.0, 21.0, 22.0, 28.0, 30.0, 31.0, 32.0, 33.0, 34.0], '116.0', '0.9602941176470589\n']    1
[[2.0, 3.0, 4.0, 5.0, 14.0, 15.0, 17.0, 20.0, 22.0, 23.0, 25.0, 26.0, 28.0, 30.0, 33.0], '116.0', '0.9549019607843138\n']    1
[[2.0, 3.0, 4.0, 5.0, 14.0, 15.0, 17.0, 20.0, 21.0, 22.0, 25.0, 26.0, 28.0, 33.0, 34.0], '116.0', '0.9602941176470589\n']    1
[[2.0, 3.0, 4.0, 5.0, 14.0, 15.0, 17.0, 20.0, 21.0, 22.0, 23.0, 25.0, 26.0, 28.0, 33.0, 34.0], '116.0', '0.9583333333333334\n']    1
[[1.0, 3.0, 5.0, 14.0, 16.0, 17.0, 18.0, 19.0, 20.0, 21.0, 22.0, 23.0, 24.0, 26.0, 29.0, 30.0, 34.0, 36.0], '116.0', '0.9583333333333334\n']    1
[[1.0, 3.0, 4.0, 5.0, 14.0, 17.0, 18.0, 20.0, 21.0, 24.0, 25.0, 27.0, 29.0, 30.0, 31.0, 33.0, 36.0], '116.0', '0.9607843137254902\n']    1
[[1.0, 3.0, 4.0, 5.0, 14.0, 17.0, 18.0, 20.0, 21.0, 22.0, 24.0, 25.0, 29.0, 30.0, 31.0, 33.0, 36.0], '116.0', '0.9568627450980393\n']    1
[[1.0, 3.0, 4.0, 5.0, 14.0, 17.0, 18.0, 19.0, 21.0, 22.0, 23.0, 24.0, 25.0, 29.0, 30.0, 31.0, 33.0, 36.0], '116.0', '0.9568627450980393\n']    1
[[1.0, 3.0, 4.0, 5.0, 14.0, 17.0, 18.0, 19.0, 21.0, 22.0, 23.0, 24.0, 25.0, 26.0, 29.0, 33.0, 34.0, 36.0], '116.0', '0.9583333333333334\n']    1
[[1.0, 3.0, 4.0, 5.0, 14.0, 17.0, 18.0, 19.0, 21.0, 22.0, 23.0, 24.0, 25.0, 26.0, 29.0, 31.0, 33.0, 36.0], '116.0', '0.9686274509803922\n']    1
[[1.0, 3.0, 4.0, 5.0, 14.0, 17.0, 18.0, 19.0, 20.0, 22.0, 24.0, 25.0, 27.0, 29.0, 30.0, 33.0, 36.0], '116.0', '0.9529411764705882\n']    1
[[1.0, 3.0, 4.0, 5.0, 14.0, 17.0, 18.0, 19.0, 20.0, 21.0, 23.0, 26.0, 27.0, 29.0, 30.0, 31.0, 33.0, 36.0], '116.0', '0.9568627450980393\n']    1
[[1.0, 3.0, 4.0, 5.0, 14.0, 17.0, 18.0, 19.0, 20.0, 21.0, 23.0, 25.0, 26.0, 27.0, 29.0, 31.0, 33.0, 36.0], '116.0', '0.9627450980392157\n']    1
[[1.0, 3.0, 4.0, 5.0, 14.0, 16.0, 18.0, 20.0, 21.0, 23.0, 24.0, 27.0, 29.0, 30.0, 31.0, 34.0, 35.0, 36.0], '116.0', '0.9573529411764706\n']    1
[[1.0, 3.0, 4.0, 5.0, 14.0, 16.0, 18.0, 20.0, 21.0, 23.0, 24.0, 25.0, 27.0, 29.0, 31.0, 34.0, 35.0, 36.0], '116.0', '0.9593137254901961\n']    1
[[1.0, 3.0, 4.0, 5.0, 14.0, 16.0, 17.0, 19.0, 20.0, 21.0, 23.0, 24.0, 25.0, 26.0, 29.0, 30.0, 31.0, 34.0, 36.0], '116.0', '0.9598039215686275\n']    1
[[1.0, 3.0, 4.0, 5.0, 14.0, 16.0, 17.0, 18.0, 19.0, 21.0, 22.0, 24.0, 26.0, 29.0, 30.0, 31.0, 32.0, 36.0], '116.0', '0.9549019607843138\n']    1
[[1.0, 3.0, 4.0, 5.0, 14.0, 16.0, 17.0, 18.0, 19.0, 21.0, 22.0, 23.0, 26.0, 29.0, 30.0, 31.0, 33.0, 36.0], '116.0', '0.9607843137254902\n']    1
[[1.0, 3.0, 4.0, 5.0, 14.0, 16.0, 17.0, 18.0, 19.0, 21.0, 22.0, 23.0, 25.0, 26.0, 29.0, 31.0, 33.0, 36.0], '116.0', '0.9647058823529412\n']    1
[[1.0, 3.0, 4.0, 5.0, 14.0, 16.0, 17.0, 18.0, 19.0, 20.0, 21.0, 22.0, 23.0, 24.0, 26.0, 29.0, 30.0, 31.0, 33.0, 36.0], '116.0', '0.9588235294117647\n']    1
[[1.0, 3.0, 4.0, 5.0, 14.0, 16.0, 17.0, 18.0, 19.0, 20.0, 21.0, 22.0, 23.0, 24.0, 25.0, 26.0, 29.0, 31.0, 33.0, 36.0], '116.0', '0.9666666666666667\n']    1
[[1.0, 3.0, 4.0, 5.0, 14.0, 15.0, 18.0, 20.0, 22.0, 24.0, 25.0, 27.0, 29.0, 30.0, 31.0, 33.0, 36.0], '116.0', '0.9627450980392157\n']    1
[[1.0, 3.0, 4.0, 5.0, 14.0, 15.0, 18.0, 19.0, 20.0, 21.0, 22.0, 24.0, 25.0, 26.0, 27.0, 29.0, 30.0, 33.0, 36.0], '116.0', '0.9627450980392157\n']    1
[[1.0, 2.0, 5.0, 14.0, 16.0, 18.0, 19.0, 20.0, 21.0, 22.0, 23.0, 24.0, 26.0, 29.0, 31.0, 33.0, 34.0, 36.0], '116.0', '0.9490196078431372\n']    1
[[1.0, 2.0, 5.0, 14.0, 16.0, 18.0, 19.0, 20.0, 21.0, 22.0, 23.0, 24.0, 26.0, 28.0, 29.0, 31.0, 34.0, 36.0], '116.0', '0.9583333333333334\n']    1
[[1.0, 2.0, 5.0, 14.0, 16.0, 18.0, 19.0, 20.0, 21.0, 22.0, 23.0, 24.0, 25.0, 26.0, 29.0, 31.0, 33.0, 36.0], '116.0', '0.9539215686274509\n']    1
[[1.0, 2.0, 5.0, 14.0, 15.0, 18.0, 19.0, 20.0, 21.0, 22.0, 24.0, 26.0, 27.0, 29.0, 30.0, 33.0, 36.0], '116.0', '0.9598039215686275\n']    1
[[1.0, 2.0, 5.0, 14.0, 15.0, 18.0, 19.0, 20.0, 21.0, 22.0, 24.0, 25.0, 27.0, 29.0, 30.0, 33.0, 36.0], '116.0', '0.9607843137254902\n']    1
[[1.0, 2.0, 5.0, 14.0, 15.0, 18.0, 19.0, 20.0, 21.0, 22.0, 23.0, 24.0, 27.0, 29.0, 30.0, 33.0, 34.0, 36.0], '116.0', '0.9598039215686275\n']    1
[[1.0, 2.0, 5.0, 14.0, 15.0, 18.0, 19.0, 20.0, 21.0, 22.0, 23.0, 24.0, 26.0, 27.0, 30.0, 33.0, 36.0], '116.0', '0.9639705882352941\n']    1
[[1.0, 2.0, 5.0, 14.0, 15.0, 18.0, 19.0, 20.0, 21.0, 22.0, 23.0, 24.0, 26.0, 27.0, 29.0, 30.0, 33.0, 36.0], '116.0', '0.9627450980392157\n']    1
[[1.0, 2.0, 5.0, 14.0, 15.0, 18.0, 19.0, 20.0, 21.0, 22.0, 23.0, 24.0, 25.0, 27.0, 29.0, 30.0, 33.0, 36.0], '116.0', '0.9598039215686275\n']    1
[[1.0, 2.0, 4.0, 16.0, 17.0, 18.0, 19.0, 20.0, 21.0, 22.0, 23.0, 24.0, 25.0, 26.0, 29.0, 31.0, 34.0, 36.0], '116.0', '0.9637254901960784\n']    1
[[1.0, 2.0, 4.0, 14.0, 16.0, 18.0, 19.0, 20.0, 22.0, 24.0, 25.0, 26.0, 28.0, 29.0, 30.0, 31.0, 36.0], '116.0', '0.9607843137254902\n']    1
[[1.0, 2.0, 4.0, 14.0, 16.0, 17.0, 18.0, 19.0, 20.0, 22.0, 24.0, 25.0, 26.0, 28.0, 29.0, 30.0, 36.0], '116.0', '0.9568627450980393\n']    1
[[1.0, 2.0, 4.0, 14.0, 16.0, 17.0, 18.0, 19.0, 20.0, 21.0, 24.0, 27.0, 29.0, 30.0, 31.0, 35.0, 36.0], '116.0', '0.9588235294117647\n']    1
[[1.0, 2.0, 4.0, 14.0, 16.0, 17.0, 18.0, 19.0, 20.0, 21.0, 23.0, 25.0, 26.0, 28.0, 29.0, 30.0, 31.0, 36.0], '116.0', '0.9588235294117647\n']    1
[[1.0, 2.0, 4.0, 14.0, 16.0, 17.0, 18.0, 19.0, 20.0, 21.0, 23.0, 24.0, 29.0, 30.0, 31.0, 34.0, 35.0, 36.0], '116.0', '0.9583333333333334\n']    1
[[1.0, 2.0, 4.0, 14.0, 16.0, 17.0, 18.0, 19.0, 20.0, 21.0, 23.0, 24.0, 27.0, 29.0, 30.0, 31.0, 35.0, 36.0], '116.0', '0.9598039215686275\n']    1
[[1.0, 2.0, 4.0, 14.0, 16.0, 17.0, 18.0, 19.0, 20.0, 21.0, 23.0, 24.0, 26.0, 29.0, 30.0, 31.0, 35.0, 36.0], '116.0', '0.9568627450980393\n']    1
[[1.0, 2.0, 4.0, 14.0, 16.0, 17.0, 18.0, 19.0, 20.0, 21.0, 23.0, 24.0, 25.0, 26.0, 28.0, 29.0, 31.0, 34.0, 36.0], '116.0', '0.9598039215686275\n']    1
[[1.0, 2.0, 4.0, 5.0, 16.0, 18.0, 19.0, 20.0, 21.0, 22.0, 24.0, 26.0, 29.0, 30.0, 31.0, 35.0, 36.0], '116.0', '0.9588235294117647\n']    1
[[1.0, 2.0, 4.0, 5.0, 16.0, 18.0, 19.0, 20.0, 21.0, 22.0, 23.0, 24.0, 29.0, 30.0, 31.0, 34.0, 35.0, 36.0], '116.0', '0.9583333333333334\n']    1
[[1.0, 2.0, 4.0, 5.0, 16.0, 18.0, 19.0, 20.0, 21.0, 22.0, 23.0, 24.0, 26.0, 29.0, 30.0, 31.0, 35.0, 36.0], '116.0', '0.9598039215686275\n']    1
[[1.0, 2.0, 4.0, 5.0, 16.0, 17.0, 18.0, 19.0, 20.0, 21.0, 22.0, 24.0, 26.0, 29.0, 30.0, 31.0, 32.0, 36.0], '116.0', '0.9539215686274509\n']    1
[[1.0, 2.0, 4.0, 5.0, 15.0, 16.0, 18.0, 20.0, 21.0, 24.0, 25.0, 27.0, 29.0, 30.0, 31.0, 35.0, 36.0], '116.0', '0.9588235294117647\n']    1
[[1.0, 2.0, 4.0, 5.0, 15.0, 16.0, 18.0, 20.0, 21.0, 23.0, 24.0, 27.0, 29.0, 30.0, 31.0, 34.0, 35.0, 36.0], '116.0', '0.9622549019607843\n']    1
[[1.0, 2.0, 4.0, 5.0, 15.0, 16.0, 18.0, 20.0, 21.0, 23.0, 24.0, 25.0, 29.0, 30.0, 31.0, 34.0, 35.0, 36.0], '116.0', '0.9573529411764706\n']    1
[[1.0, 2.0, 4.0, 5.0, 15.0, 16.0, 18.0, 20.0, 21.0, 23.0, 24.0, 25.0, 27.0, 29.0, 30.0, 31.0, 35.0, 36.0], '116.0', '0.957843137254902\n']    1
[[1.0, 2.0, 4.0, 5.0, 15.0, 16.0, 18.0, 19.0, 20.0, 21.0, 22.0, 26.0, 27.0, 29.0, 30.0, 31.0, 33.0, 36.0], '116.0', '0.9539215686274509\n']    1
[[1.0, 2.0, 4.0, 5.0, 15.0, 16.0, 18.0, 19.0, 20.0, 21.0, 22.0, 26.0, 27.0, 28.0, 29.0, 30.0, 31.0, 36.0], '116.0', '0.9558823529411765\n']    1
[[1.0, 2.0, 4.0, 5.0, 15.0, 16.0, 18.0, 19.0, 20.0, 21.0, 22.0, 24.0, 27.0, 29.0, 30.0, 31.0, 35.0, 36.0], '116.0', '0.9607843137254902\n']    1
[[1.0, 2.0, 4.0, 5.0, 15.0, 16.0, 17.0, 18.0, 20.0, 21.0, 24.0, 25.0, 27.0, 29.0, 30.0, 31.0, 32.0, 36.0], '116.0', '0.9539215686274509\n']    1
[[1.0, 2.0, 4.0, 5.0, 15.0, 16.0, 17.0, 18.0, 19.0, 20.0, 21.0, 22.0, 26.0, 27.0, 29.0, 30.0, 33.0, 36.0], '116.0', '0.9539215686274509\n']    1
[[1.0, 2.0, 4.0, 5.0, 15.0, 16.0, 17.0, 18.0, 19.0, 20.0, 21.0, 22.0, 26.0, 27.0, 28.0, 29.0, 30.0, 36.0], '116.0', '0.9558823529411765\n']    1
[[1.0, 2.0, 4.0, 5.0, 14.0, 18.0, 20.0, 21.0, 22.0, 24.0, 26.0, 27.0, 29.0, 30.0, 32.0, 33.0, 36.0], '116.0', '0.957843137254902\n']    1
[[1.0, 2.0, 4.0, 5.0, 14.0, 18.0, 20.0, 21.0, 22.0, 24.0, 25.0, 27.0, 29.0, 30.0, 32.0, 33.0, 36.0], '116.0', '0.9588235294117647\n']    1
[[1.0, 2.0, 4.0, 5.0, 14.0, 18.0, 20.0, 21.0, 22.0, 23.0, 24.0, 27.0, 29.0, 30.0, 32.0, 33.0, 34.0, 36.0], '116.0', '0.957843137254902\n']    1
[[1.0, 2.0, 4.0, 5.0, 14.0, 18.0, 20.0, 21.0, 22.0, 23.0, 24.0, 26.0, 27.0, 30.0, 32.0, 33.0, 36.0], '116.0', '0.9639705882352941\n']    1
[[1.0, 2.0, 4.0, 5.0, 14.0, 18.0, 20.0, 21.0, 22.0, 23.0, 24.0, 26.0, 27.0, 29.0, 30.0, 32.0, 33.0, 36.0], '116.0', '0.9627450980392157\n']    1
[[1.0, 2.0, 4.0, 5.0, 14.0, 18.0, 20.0, 21.0, 22.0, 23.0, 24.0, 25.0, 27.0, 29.0, 30.0, 32.0, 33.0, 36.0], '116.0', '0.9598039215686275\n']    1
[[1.0, 2.0, 4.0, 5.0, 14.0, 18.0, 20.0, 21.0, 22.0, 23.0, 24.0, 25.0, 27.0, 28.0, 29.0, 33.0, 34.0, 36.0], '116.0', '0.9568627450980393\n']    1
[[1.0, 2.0, 4.0, 5.0, 14.0, 17.0, 18.0, 19.0, 21.0, 22.0, 23.0, 24.0, 25.0, 28.0, 29.0, 33.0, 34.0, 36.0], '116.0', '0.9568627450980393\n']    1
[[1.0, 2.0, 4.0, 5.0, 14.0, 17.0, 18.0, 19.0, 20.0, 21.0, 24.0, 27.0, 29.0, 30.0, 31.0, 32.0, 33.0, 36.0], '116.0', '0.9568627450980393\n']    1
[[1.0, 2.0, 4.0, 5.0, 14.0, 17.0, 18.0, 19.0, 20.0, 21.0, 22.0, 24.0, 29.0, 30.0, 31.0, 32.0, 33.0, 36.0], '116.0', '0.9627450980392157\n']    1
[[1.0, 2.0, 4.0, 5.0, 14.0, 16.0, 19.0, 20.0, 22.0, 24.0, 25.0, 26.0, 29.0, 30.0, 31.0, 33.0, 36.0], '116.0', '0.9666666666666667\n']    1
[[1.0, 2.0, 4.0, 5.0, 14.0, 16.0, 19.0, 20.0, 21.0, 22.0, 24.0, 25.0, 26.0, 29.0, 30.0, 31.0, 33.0, 36.0], '116.0', '0.9607843137254902\n']    1
[[1.0, 2.0, 4.0, 5.0, 14.0, 16.0, 18.0, 20.0, 21.0, 25.0, 27.0, 29.0, 30.0, 31.0, 32.0, 33.0, 36.0], '116.0', '0.9529411764705882\n']    1
[[1.0, 2.0, 4.0, 5.0, 14.0, 16.0, 18.0, 20.0, 21.0, 24.0, 25.0, 27.0, 28.0, 29.0, 31.0, 35.0, 36.0], '116.0', '0.9588235294117647\n']    1
[[1.0, 2.0, 4.0, 5.0, 14.0, 16.0, 18.0, 20.0, 21.0, 22.0, 25.0, 27.0, 29.0, 30.0, 32.0, 33.0, 36.0], '116.0', '0.9598039215686275\n']    1
[[1.0, 2.0, 4.0, 5.0, 14.0, 16.0, 18.0, 20.0, 21.0, 22.0, 24.0, 27.0, 29.0, 31.0, 32.0, 33.0, 34.0, 36.0], '116.0', '0.9514705882352941\n']    1
[[1.0, 2.0, 4.0, 5.0, 14.0, 16.0, 18.0, 20.0, 21.0, 22.0, 23.0, 25.0, 27.0, 29.0, 32.0, 33.0, 34.0, 36.0], '116.0', '0.9598039215686275\n']    1
[[1.0, 2.0, 4.0, 5.0, 14.0, 16.0, 18.0, 20.0, 21.0, 22.0, 23.0, 25.0, 27.0, 29.0, 31.0, 32.0, 33.0, 36.0], '116.0', '0.9637254901960784\n']    1
[[1.0, 2.0, 4.0, 5.0, 14.0, 16.0, 18.0, 20.0, 21.0, 22.0, 23.0, 25.0, 27.0, 29.0, 30.0, 32.0, 33.0, 36.0], '116.0', '0.9588235294117647\n']    1
[[1.0, 2.0, 4.0, 5.0, 14.0, 16.0, 18.0, 19.0, 21.0, 22.0, 24.0, 26.0, 28.0, 29.0, 31.0, 35.0, 36.0], '116.0', '0.957843137254902\n']    1
[[1.0, 2.0, 4.0, 5.0, 14.0, 16.0, 18.0, 19.0, 21.0, 22.0, 23.0, 24.0, 26.0, 28.0, 29.0, 31.0, 35.0, 36.0], '116.0', '0.9598039215686275\n']    1
[[1.0, 2.0, 4.0, 5.0, 14.0, 16.0, 18.0, 19.0, 20.0, 21.0, 25.0, 26.0, 29.0, 30.0, 31.0, 32.0, 33.0, 36.0], '116.0', '0.9666666666666667\n']    1
[[1.0, 2.0, 4.0, 5.0, 14.0, 16.0, 18.0, 19.0, 20.0, 21.0, 24.0, 26.0, 29.0, 30.0, 31.0, 32.0, 35.0, 36.0], '116.0', '0.9568627450980393\n']    1
[[1.0, 2.0, 4.0, 5.0, 14.0, 16.0, 18.0, 19.0, 20.0, 21.0, 22.0, 27.0, 28.0, 29.0, 31.0, 35.0, 36.0], '116.0', '0.9529411764705882\n']    1
[[1.0, 2.0, 4.0, 5.0, 14.0, 16.0, 18.0, 19.0, 20.0, 21.0, 22.0, 24.0, 27.0, 28.0, 29.0, 31.0, 35.0, 36.0], '116.0', '0.9568627450980393\n']    1
[[1.0, 2.0, 4.0, 5.0, 14.0, 16.0, 18.0, 19.0, 20.0, 21.0, 22.0, 23.0, 27.0, 28.0, 29.0, 31.0, 35.0, 36.0], '116.0', '0.9519607843137254\n']    1
[[1.0, 2.0, 4.0, 5.0, 14.0, 16.0, 18.0, 19.0, 20.0, 21.0, 22.0, 23.0, 24.0, 25.0, 26.0, 29.0, 31.0, 32.0, 33.0, 36.0], '116.0', '0.9539215686274509\n']    1
[[1.0, 2.0, 4.0, 5.0, 14.0, 16.0, 17.0, 19.0, 20.0, 22.0, 24.0, 25.0, 26.0, 28.0, 29.0, 30.0, 36.0], '116.0', '0.9607843137254902\n']    1
[[1.0, 2.0, 4.0, 5.0, 14.0, 16.0, 17.0, 19.0, 20.0, 21.0, 23.0, 25.0, 26.0, 29.0, 30.0, 31.0, 33.0, 36.0], '116.0', '0.9568627450980393\n']    1
[[1.0, 2.0, 4.0, 5.0, 14.0, 16.0, 17.0, 18.0, 20.0, 21.0, 25.0, 27.0, 29.0, 30.0, 32.0, 33.0, 36.0], '116.0', '0.9529411764705882\n']    1
[[1.0, 2.0, 4.0, 5.0, 14.0, 16.0, 17.0, 18.0, 19.0, 21.0, 22.0, 24.0, 29.0, 30.0, 31.0, 32.0, 33.0, 36.0], '116.0', '0.9549019607843138\n']    1
[[1.0, 2.0, 4.0, 5.0, 14.0, 16.0, 17.0, 18.0, 19.0, 21.0, 22.0, 24.0, 26.0, 29.0, 31.0, 32.0, 33.0, 36.0], '116.0', '0.9529411764705882\n']    1
[[1.0, 2.0, 4.0, 5.0, 14.0, 16.0, 17.0, 18.0, 19.0, 21.0, 22.0, 24.0, 26.0, 28.0, 29.0, 31.0, 32.0, 36.0], '116.0', '0.9549019607843138\n']    1
[[1.0, 2.0, 4.0, 5.0, 14.0, 16.0, 17.0, 18.0, 19.0, 20.0, 21.0, 25.0, 27.0, 29.0, 31.0, 32.0, 33.0, 36.0], '116.0', '0.9549019607843138\n']    1
[[1.0, 2.0, 4.0, 5.0, 14.0, 16.0, 17.0, 18.0, 19.0, 20.0, 21.0, 25.0, 26.0, 28.0, 29.0, 30.0, 32.0, 36.0], '116.0', '0.9647058823529412\n']    1
[[1.0, 2.0, 4.0, 5.0, 14.0, 16.0, 17.0, 18.0, 19.0, 20.0, 21.0, 23.0, 27.0, 28.0, 29.0, 31.0, 35.0, 36.0], '116.0', '0.9588235294117647\n']    1
[[1.0, 2.0, 4.0, 5.0, 14.0, 15.0, 19.0, 20.0, 21.0, 22.0, 24.0, 25.0, 27.0, 29.0, 30.0, 31.0, 33.0, 36.0], '116.0', '0.9666666666666667\n']    1
[[1.0, 2.0, 4.0, 5.0, 14.0, 15.0, 18.0, 20.0, 21.0, 22.0, 24.0, 25.0, 27.0, 28.0, 29.0, 33.0, 34.0, 36.0], '116.0', '0.9637254901960784\n']    1
[[1.0, 2.0, 4.0, 5.0, 14.0, 15.0, 18.0, 20.0, 21.0, 22.0, 23.0, 24.0, 25.0, 27.0, 28.0, 29.0, 33.0, 34.0, 36.0], '116.0', '0.9568627450980393\n']    1
[[1.0, 2.0, 3.0, 15.0, 16.0, 18.0, 19.0, 20.0, 21.0, 22.0, 25.0, 26.0, 27.0, 29.0, 30.0, 31.0, 36.0], '116.0', '0.9656862745098039\n']    1
[[1.0, 2.0, 3.0, 15.0, 16.0, 18.0, 19.0, 20.0, 21.0, 22.0, 23.0, 25.0, 26.0, 27.0, 30.0, 31.0, 36.0], '116.0', '0.9620098039215687\n']    1
[[1.0, 2.0, 3.0, 15.0, 16.0, 18.0, 19.0, 20.0, 21.0, 22.0, 23.0, 25.0, 26.0, 27.0, 29.0, 30.0, 31.0, 36.0], '116.0', '0.9627450980392157\n']    1
[[1.0, 2.0, 3.0, 14.0, 16.0, 17.0, 18.0, 19.0, 20.0, 21.0, 23.0, 24.0, 27.0, 29.0, 31.0, 34.0, 35.0, 36.0], '116.0', '0.9632352941176471\n']    1
[[1.0, 2.0, 3.0, 14.0, 15.0, 18.0, 19.0, 20.0, 22.0, 24.0, 25.0, 27.0, 29.0, 30.0, 31.0, 33.0, 36.0], '116.0', '0.961764705882353\n']    1
[[1.0, 2.0, 3.0, 5.0, 16.0, 18.0, 19.0, 20.0, 21.0, 22.0, 23.0, 24.0, 26.0, 29.0, 31.0, 34.0, 35.0, 36.0], '116.0', '0.9553921568627451\n']    1
[[1.0, 2.0, 3.0, 5.0, 16.0, 17.0, 19.0, 20.0, 21.0, 22.0, 23.0, 24.0, 26.0, 29.0, 30.0, 31.0, 34.0, 36.0], '116.0', '0.9602941176470589\n']    1
[[1.0, 2.0, 3.0, 5.0, 15.0, 16.0, 18.0, 20.0, 21.0, 23.0, 24.0, 25.0, 27.0, 29.0, 31.0, 34.0, 35.0, 36.0], '116.0', '0.9612745098039216\n']    1
[[1.0, 2.0, 3.0, 5.0, 15.0, 16.0, 18.0, 19.0, 20.0, 21.0, 22.0, 26.0, 27.0, 29.0, 30.0, 35.0, 36.0], '116.0', '0.9558823529411765\n']    1
[[1.0, 2.0, 3.0, 5.0, 15.0, 16.0, 18.0, 19.0, 20.0, 21.0, 22.0, 25.0, 27.0, 29.0, 30.0, 35.0, 36.0], '116.0', '0.9539215686274509\n']    1
[[1.0, 2.0, 3.0, 5.0, 15.0, 16.0, 18.0, 19.0, 20.0, 21.0, 22.0, 25.0, 27.0, 29.0, 30.0, 31.0, 32.0, 36.0], '116.0', '0.9558823529411765\n']    1
[[1.0, 2.0, 3.0, 5.0, 15.0, 16.0, 18.0, 19.0, 20.0, 21.0, 22.0, 25.0, 26.0, 27.0, 29.0, 35.0, 36.0], '116.0', '0.9656862745098039\n']    1
[[1.0, 2.0, 3.0, 5.0, 15.0, 16.0, 18.0, 19.0, 20.0, 21.0, 22.0, 23.0, 26.0, 27.0, 29.0, 31.0, 35.0, 36.0], '116.0', '0.9539215686274509\n']    1
[[1.0, 2.0, 3.0, 5.0, 15.0, 16.0, 18.0, 19.0, 20.0, 21.0, 22.0, 23.0, 25.0, 27.0, 29.0, 34.0, 35.0, 36.0], '116.0', '0.961764705882353\n']    1
[[1.0, 2.0, 3.0, 5.0, 15.0, 16.0, 18.0, 19.0, 20.0, 21.0, 22.0, 23.0, 25.0, 27.0, 29.0, 31.0, 35.0, 36.0], '116.0', '0.957843137254902\n']    1
[[1.0, 2.0, 3.0, 5.0, 15.0, 16.0, 18.0, 19.0, 20.0, 21.0, 22.0, 23.0, 25.0, 26.0, 27.0, 35.0, 36.0], '116.0', '0.9620098039215687\n']    1
[[1.0, 2.0, 3.0, 5.0, 15.0, 16.0, 18.0, 19.0, 20.0, 21.0, 22.0, 23.0, 25.0, 26.0, 27.0, 29.0, 35.0, 36.0], '116.0', '0.9627450980392157\n']    1
[[1.0, 2.0, 3.0, 5.0, 15.0, 16.0, 17.0, 19.0, 20.0, 21.0, 22.0, 25.0, 26.0, 27.0, 29.0, 30.0, 36.0], '116.0', '0.9656862745098039\n']    1
[[1.0, 2.0, 3.0, 5.0, 15.0, 16.0, 17.0, 19.0, 20.0, 21.0, 22.0, 23.0, 25.0, 26.0, 27.0, 30.0, 36.0], '116.0', '0.9620098039215687\n']    1
[[1.0, 2.0, 3.0, 5.0, 15.0, 16.0, 17.0, 19.0, 20.0, 21.0, 22.0, 23.0, 25.0, 26.0, 27.0, 29.0, 30.0, 36.0], '116.0', '0.9627450980392157\n']    1
[[1.0, 2.0, 3.0, 5.0, 15.0, 16.0, 17.0, 18.0, 20.0, 21.0, 23.0, 25.0, 26.0, 29.0, 30.0, 32.0, 34.0, 36.0], '116.0', '0.9593137254901961\n']    1
[[1.0, 2.0, 3.0, 5.0, 15.0, 16.0, 17.0, 18.0, 19.0, 20.0, 21.0, 22.0, 25.0, 27.0, 29.0, 30.0, 32.0, 36.0], '116.0', '0.9558823529411765\n']    1
[[1.0, 2.0, 3.0, 5.0, 14.0, 18.0, 20.0, 21.0, 24.0, 25.0, 27.0, 29.0, 30.0, 31.0, 32.0, 33.0, 36.0], '116.0', '0.9607843137254902\n']    1
[[1.0, 2.0, 3.0, 5.0, 14.0, 18.0, 20.0, 21.0, 23.0, 24.0, 27.0, 29.0, 30.0, 31.0, 32.0, 33.0, 34.0, 36.0], '116.0', '0.9504901960784313\n']    1
[[1.0, 2.0, 3.0, 5.0, 14.0, 18.0, 20.0, 21.0, 22.0, 24.0, 25.0, 29.0, 30.0, 31.0, 32.0, 33.0, 36.0], '116.0', '0.9529411764705882\n']    1
[[1.0, 2.0, 3.0, 5.0, 14.0, 18.0, 20.0, 21.0, 22.0, 24.0, 25.0, 27.0, 29.0, 30.0, 32.0, 33.0, 36.0], '116.0', '0.9637254901960784\n']    1
[[1.0, 2.0, 3.0, 5.0, 14.0, 18.0, 20.0, 21.0, 22.0, 23.0, 24.0, 29.0, 30.0, 31.0, 32.0, 33.0, 34.0, 36.0], '116.0', '0.9485294117647058\n']    1
[[1.0, 2.0, 3.0, 5.0, 14.0, 18.0, 19.0, 20.0, 21.0, 23.0, 24.0, 26.0, 29.0, 30.0, 31.0, 32.0, 33.0, 34.0, 36.0], '116.0', '0.9465686274509804\n']    1
[[1.0, 2.0, 3.0, 5.0, 14.0, 18.0, 19.0, 20.0, 21.0, 23.0, 24.0, 25.0, 29.0, 30.0, 31.0, 32.0, 33.0, 34.0, 36.0], '116.0', '0.9504901960784313\n']    1
[[1.0, 2.0, 3.0, 5.0, 14.0, 17.0, 18.0, 20.0, 21.0, 24.0, 25.0, 27.0, 29.0, 31.0, 32.0, 33.0, 36.0], '116.0', '0.9607843137254902\n']    1
[[1.0, 2.0, 3.0, 5.0, 14.0, 17.0, 18.0, 20.0, 21.0, 24.0, 25.0, 27.0, 29.0, 30.0, 32.0, 33.0, 36.0], '116.0', '0.9607843137254902\n']    1
[[1.0, 2.0, 3.0, 5.0, 14.0, 17.0, 18.0, 20.0, 21.0, 22.0, 24.0, 25.0, 29.0, 31.0, 32.0, 33.0, 36.0], '116.0', '0.9568627450980393\n']    1
[[1.0, 2.0, 3.0, 5.0, 14.0, 17.0, 18.0, 20.0, 21.0, 22.0, 24.0, 25.0, 29.0, 30.0, 32.0, 33.0, 36.0], '116.0', '0.9529411764705882\n']    1
[[1.0, 2.0, 3.0, 5.0, 14.0, 17.0, 18.0, 19.0, 21.0, 22.0, 23.0, 24.0, 29.0, 30.0, 32.0, 33.0, 34.0, 36.0], '116.0', '0.961764705882353\n']    1
[[1.0, 2.0, 3.0, 5.0, 14.0, 17.0, 18.0, 19.0, 21.0, 22.0, 23.0, 24.0, 29.0, 30.0, 31.0, 32.0, 33.0, 36.0], '116.0', '0.9607843137254902\n']    1
[[1.0, 2.0, 3.0, 5.0, 14.0, 17.0, 18.0, 19.0, 21.0, 22.0, 23.0, 24.0, 26.0, 29.0, 32.0, 33.0, 34.0, 36.0], '116.0', '0.9598039215686275\n']    1
[[1.0, 2.0, 3.0, 5.0, 14.0, 17.0, 18.0, 19.0, 21.0, 22.0, 23.0, 24.0, 26.0, 29.0, 31.0, 32.0, 33.0, 36.0], '116.0', '0.9568627450980393\n']    1
[[1.0, 2.0, 3.0, 5.0, 14.0, 17.0, 18.0, 19.0, 21.0, 22.0, 23.0, 24.0, 25.0, 29.0, 32.0, 33.0, 34.0, 36.0], '116.0', '0.9598039215686275\n']    1
[[1.0, 2.0, 3.0, 5.0, 14.0, 17.0, 18.0, 19.0, 21.0, 22.0, 23.0, 24.0, 25.0, 29.0, 31.0, 32.0, 33.0, 36.0], '116.0', '0.9568627450980393\n']    1
[[1.0, 2.0, 3.0, 5.0, 14.0, 17.0, 18.0, 19.0, 21.0, 22.0, 23.0, 24.0, 25.0, 28.0, 29.0, 33.0, 34.0, 36.0], '116.0', '0.9573529411764706\n']    1
[[1.0, 2.0, 3.0, 5.0, 14.0, 17.0, 18.0, 19.0, 20.0, 22.0, 24.0, 25.0, 27.0, 29.0, 32.0, 33.0, 36.0], '116.0', '0.9627450980392157\n']    1
[[1.0, 2.0, 3.0, 5.0, 14.0, 17.0, 18.0, 19.0, 20.0, 21.0, 23.0, 26.0, 27.0, 28.0, 29.0, 33.0, 34.0, 36.0], '116.0', '0.9563725490196079\n']    1
[[1.0, 2.0, 3.0, 5.0, 14.0, 16.0, 18.0, 20.0, 21.0, 24.0, 25.0, 27.0, 29.0, 31.0, 32.0, 35.0, 36.0], '116.0', '0.9627450980392157\n']    1
[[1.0, 2.0, 3.0, 5.0, 14.0, 16.0, 18.0, 20.0, 21.0, 24.0, 25.0, 26.0, 29.0, 31.0, 32.0, 35.0, 36.0], '116.0', '0.9588235294117647\n']    1
[[1.0, 2.0, 3.0, 5.0, 14.0, 16.0, 18.0, 20.0, 21.0, 23.0, 24.0, 27.0, 29.0, 31.0, 32.0, 34.0, 35.0, 36.0], '116.0', '0.9573529411764706\n']    1
[[1.0, 2.0, 3.0, 5.0, 14.0, 16.0, 18.0, 19.0, 21.0, 22.0, 23.0, 28.0, 29.0, 30.0, 31.0, 33.0, 34.0, 36.0], '116.0', '0.9509803921568627\n']    1
[[1.0, 2.0, 3.0, 5.0, 14.0, 16.0, 18.0, 19.0, 21.0, 22.0, 23.0, 25.0, 26.0, 28.0, 29.0, 31.0, 33.0, 36.0], '116.0', '0.9539215686274509\n']    1
[[1.0, 2.0, 3.0, 5.0, 14.0, 16.0, 18.0, 19.0, 20.0, 22.0, 24.0, 25.0, 26.0, 29.0, 32.0, 35.0, 36.0], '116.0', '0.9549019607843138\n']    1
[[1.0, 2.0, 3.0, 5.0, 14.0, 16.0, 18.0, 19.0, 20.0, 21.0, 23.0, 25.0, 29.0, 30.0, 31.0, 32.0, 33.0, 34.0, 36.0], '116.0', '0.9549019607843138\n']    1
[[1.0, 2.0, 3.0, 5.0, 14.0, 16.0, 18.0, 19.0, 20.0, 21.0, 23.0, 25.0, 26.0, 29.0, 31.0, 32.0, 35.0, 36.0], '116.0', '0.9529411764705882\n']    1
[[1.0, 2.0, 3.0, 5.0, 14.0, 16.0, 18.0, 19.0, 20.0, 21.0, 23.0, 25.0, 26.0, 29.0, 31.0, 32.0, 33.0, 34.0, 36.0], '116.0', '0.9573529411764706\n']    1
[[1.0, 2.0, 3.0, 5.0, 14.0, 16.0, 18.0, 19.0, 20.0, 21.0, 23.0, 25.0, 26.0, 28.0, 29.0, 31.0, 32.0, 34.0, 36.0], '116.0', '0.9598039215686275\n']    1
[[1.0, 2.0, 3.0, 5.0, 14.0, 16.0, 18.0, 19.0, 20.0, 21.0, 23.0, 24.0, 26.0, 29.0, 31.0, 32.0, 34.0, 35.0, 36.0], '116.0', '0.9534313725490196\n']    1
[[1.0, 2.0, 3.0, 5.0, 14.0, 16.0, 18.0, 19.0, 20.0, 21.0, 22.0, 23.0, 27.0, 28.0, 29.0, 34.0, 35.0, 36.0], '116.0', '0.9549019607843138\n']    1
[[1.0, 2.0, 3.0, 5.0, 14.0, 16.0, 18.0, 19.0, 20.0, 21.0, 22.0, 23.0, 24.0, 26.0, 29.0, 30.0, 31.0, 34.0, 35.0, 36.0], '116.0', '0.9583333333333334\n']    1
[[1.0, 2.0, 3.0, 5.0, 14.0, 16.0, 17.0, 19.0, 21.0, 22.0, 23.0, 24.0, 25.0, 26.0, 29.0, 31.0, 33.0, 36.0], '116.0', '0.9598039215686275\n']    1
[[1.0, 2.0, 3.0, 5.0, 14.0, 16.0, 17.0, 18.0, 19.0, 21.0, 22.0, 23.0, 28.0, 29.0, 30.0, 33.0, 34.0, 36.0], '116.0', '0.9549019607843138\n']    1
[[1.0, 2.0, 3.0, 5.0, 14.0, 16.0, 17.0, 18.0, 19.0, 21.0, 22.0, 23.0, 25.0, 26.0, 28.0, 29.0, 33.0, 36.0], '116.0', '0.957843137254902\n']    1
[[1.0, 2.0, 3.0, 5.0, 14.0, 16.0, 17.0, 18.0, 19.0, 21.0, 22.0, 23.0, 24.0, 29.0, 30.0, 33.0, 35.0, 36.0], '116.0', '0.9558823529411765\n']    1
[[1.0, 2.0, 3.0, 5.0, 14.0, 16.0, 17.0, 18.0, 19.0, 20.0, 21.0, 23.0, 25.0, 26.0, 28.0, 29.0, 32.0, 34.0, 36.0], '116.0', '0.9598039215686275\n']    1
[[1.0, 2.0, 3.0, 5.0, 14.0, 15.0, 19.0, 20.0, 21.0, 22.0, 23.0, 24.0, 25.0, 27.0, 29.0, 30.0, 33.0, 34.0, 36.0], '116.0', '0.9602941176470589\n']    1
[[1.0, 2.0, 3.0, 5.0, 14.0, 15.0, 18.0, 20.0, 22.0, 24.0, 25.0, 27.0, 29.0, 31.0, 32.0, 33.0, 36.0], '116.0', '0.9529411764705882\n']    1
[[1.0, 2.0, 3.0, 5.0, 14.0, 15.0, 18.0, 20.0, 21.0, 22.0, 23.0, 28.0, 29.0, 30.0, 31.0, 33.0, 34.0, 36.0], '116.0', '0.9642156862745098\n']    1
[[1.0, 2.0, 3.0, 5.0, 14.0, 15.0, 18.0, 19.0, 21.0, 22.0, 26.0, 27.0, 28.0, 29.0, 30.0, 33.0, 36.0], '116.0', '0.961764705882353\n']    1
[[1.0, 2.0, 3.0, 5.0, 14.0, 15.0, 18.0, 19.0, 21.0, 22.0, 23.0, 26.0, 27.0, 28.0, 30.0, 33.0, 36.0], '116.0', '0.9678921568627451\n']    1
[[1.0, 2.0, 3.0, 5.0, 14.0, 15.0, 18.0, 19.0, 21.0, 22.0, 23.0, 26.0, 27.0, 28.0, 29.0, 33.0, 34.0, 36.0], '116.0', '0.9539215686274509\n']    1
[[1.0, 2.0, 3.0, 5.0, 14.0, 15.0, 18.0, 19.0, 21.0, 22.0, 23.0, 26.0, 27.0, 28.0, 29.0, 30.0, 33.0, 36.0], '116.0', '0.9647058823529412\n']    1
[[1.0, 2.0, 3.0, 5.0, 14.0, 15.0, 18.0, 19.0, 20.0, 21.0, 22.0, 24.0, 25.0, 27.0, 29.0, 30.0, 32.0, 33.0, 36.0], '116.0', '0.9637254901960784\n']    1
[[1.0, 2.0, 3.0, 5.0, 14.0, 15.0, 18.0, 19.0, 20.0, 21.0, 22.0, 24.0, 25.0, 26.0, 27.0, 29.0, 32.0, 33.0, 36.0], '116.0', '0.9627450980392157\n']    1
[[1.0, 2.0, 3.0, 5.0, 14.0, 15.0, 18.0, 19.0, 20.0, 21.0, 22.0, 23.0, 24.0, 25.0, 27.0, 29.0, 30.0, 31.0, 33.0, 34.0, 36.0], '116.0', '0.9602941176470589\n']    1
[[1.0, 2.0, 3.0, 5.0, 14.0, 15.0, 17.0, 19.0, 21.0, 22.0, 23.0, 24.0, 25.0, 27.0, 29.0, 31.0, 33.0, 36.0], '116.0', '0.9558823529411765\n']    1
[[1.0, 2.0, 3.0, 5.0, 14.0, 15.0, 17.0, 19.0, 20.0, 22.0, 24.0, 25.0, 27.0, 29.0, 30.0, 33.0, 36.0], '116.0', '0.961764705882353\n']    1
[[1.0, 2.0, 3.0, 4.0, 16.0, 18.0, 20.0, 21.0, 22.0, 25.0, 26.0, 27.0, 29.0, 30.0, 31.0, 32.0, 36.0], '116.0', '0.9637254901960784\n']    1
[[1.0, 2.0, 3.0, 4.0, 16.0, 18.0, 20.0, 21.0, 22.0, 23.0, 25.0, 26.0, 27.0, 30.0, 31.0, 32.0, 36.0], '116.0', '0.9620098039215687\n']    1
[[1.0, 2.0, 3.0, 4.0, 16.0, 18.0, 20.0, 21.0, 22.0, 23.0, 25.0, 26.0, 27.0, 29.0, 30.0, 31.0, 32.0, 36.0], '116.0', '0.9627450980392157\n']    1
[[1.0, 2.0, 3.0, 4.0, 16.0, 18.0, 20.0, 21.0, 22.0, 23.0, 24.0, 26.0, 29.0, 30.0, 31.0, 34.0, 35.0, 36.0], '116.0', '0.9632352941176471\n']    1
[[1.0, 2.0, 3.0, 4.0, 16.0, 18.0, 19.0, 20.0, 21.0, 22.0, 24.0, 26.0, 29.0, 30.0, 31.0, 34.0, 35.0, 36.0], '116.0', '0.9583333333333334\n']    1
[[1.0, 2.0, 3.0, 4.0, 16.0, 18.0, 19.0, 20.0, 21.0, 22.0, 23.0, 24.0, 26.0, 29.0, 30.0, 31.0, 34.0, 35.0, 36.0], '116.0', '0.9583333333333334\n']    1
[[1.0, 2.0, 3.0, 4.0, 16.0, 17.0, 18.0, 20.0, 21.0, 22.0, 23.0, 24.0, 26.0, 29.0, 31.0, 34.0, 35.0, 36.0], '116.0', '0.9602941176470589\n']    1
[[1.0, 2.0, 3.0, 4.0, 16.0, 17.0, 18.0, 20.0, 21.0, 22.0, 23.0, 24.0, 26.0, 29.0, 30.0, 34.0, 35.0, 36.0], '116.0', '0.9553921568627451\n']    1
[[1.0, 2.0, 3.0, 4.0, 16.0, 17.0, 18.0, 19.0, 20.0, 21.0, 22.0, 24.0, 26.0, 29.0, 31.0, 34.0, 35.0, 36.0], '116.0', '0.9583333333333334\n']    1
[[1.0, 2.0, 3.0, 4.0, 16.0, 17.0, 18.0, 19.0, 20.0, 21.0, 22.0, 23.0, 24.0, 26.0, 29.0, 31.0, 34.0, 35.0, 36.0], '116.0', '0.9602941176470589\n']    1
[[1.0, 2.0, 3.0, 4.0, 15.0, 16.0, 17.0, 18.0, 21.0, 23.0, 24.0, 27.0, 29.0, 30.0, 31.0, 34.0, 35.0, 36.0], '116.0', '0.9583333333333334\n']    1
[[1.0, 2.0, 3.0, 4.0, 15.0, 16.0, 17.0, 18.0, 21.0, 23.0, 24.0, 26.0, 29.0, 30.0, 31.0, 34.0, 35.0, 36.0], '116.0', '0.9573529411764706\n']    1
[[1.0, 2.0, 3.0, 4.0, 15.0, 16.0, 17.0, 18.0, 21.0, 23.0, 24.0, 25.0, 29.0, 30.0, 31.0, 34.0, 35.0, 36.0], '116.0', '0.9573529411764706\n']    1
[[1.0, 2.0, 3.0, 4.0, 15.0, 16.0, 17.0, 18.0, 21.0, 23.0, 24.0, 25.0, 27.0, 29.0, 31.0, 34.0, 35.0, 36.0], '116.0', '0.957843137254902\n']    1
[[1.0, 2.0, 3.0, 4.0, 15.0, 16.0, 17.0, 18.0, 21.0, 23.0, 24.0, 25.0, 26.0, 29.0, 31.0, 34.0, 35.0, 36.0], '116.0', '0.9568627450980393\n']    1
[[1.0, 2.0, 3.0, 4.0, 15.0, 16.0, 17.0, 18.0, 20.0, 21.0, 24.0, 25.0, 26.0, 27.0, 29.0, 30.0, 31.0, 32.0, 36.0], '116.0', '0.9568627450980393\n']    1
[[1.0, 2.0, 3.0, 4.0, 15.0, 16.0, 17.0, 18.0, 20.0, 21.0, 23.0, 24.0, 26.0, 29.0, 30.0, 31.0, 34.0, 35.0, 36.0], '116.0', '0.957843137254902\n']    1
[[1.0, 2.0, 3.0, 4.0, 15.0, 16.0, 17.0, 18.0, 20.0, 21.0, 23.0, 24.0, 25.0, 26.0, 29.0, 31.0, 34.0, 35.0, 36.0], '116.0', '0.9573529411764706\n']    1
[[1.0, 2.0, 3.0, 4.0, 15.0, 16.0, 17.0, 18.0, 20.0, 21.0, 22.0, 24.0, 26.0, 29.0, 31.0, 34.0, 35.0, 36.0], '116.0', '0.9583333333333334\n']    1
[[1.0, 2.0, 3.0, 4.0, 15.0, 16.0, 17.0, 18.0, 20.0, 21.0, 22.0, 23.0, 24.0, 26.0, 29.0, 31.0, 34.0, 35.0, 36.0], '116.0', '0.9622549019607843\n']    1
[[1.0, 2.0, 3.0, 4.0, 14.0, 18.0, 20.0, 22.0, 24.0, 25.0, 27.0, 29.0, 30.0, 31.0, 32.0, 33.0, 36.0], '116.0', '0.961764705882353\n']    1
[[1.0, 2.0, 3.0, 4.0, 14.0, 18.0, 19.0, 20.0, 25.0, 26.0, 27.0, 28.0, 29.0, 30.0, 31.0, 33.0, 36.0], '116.0', '0.9588235294117647\n']    1
[[1.0, 2.0, 3.0, 4.0, 14.0, 18.0, 19.0, 20.0, 22.0, 24.0, 25.0, 27.0, 29.0, 30.0, 33.0, 35.0, 36.0], '116.0', '0.9529411764705882\n']    1
[[1.0, 2.0, 3.0, 4.0, 14.0, 16.0, 18.0, 20.0, 21.0, 22.0, 23.0, 25.0, 26.0, 27.0, 29.0, 32.0, 35.0, 36.0], '116.0', '0.9539215686274509\n']    1
[[1.0, 2.0, 3.0, 4.0, 14.0, 16.0, 18.0, 19.0, 22.0, 24.0, 25.0, 29.0, 30.0, 31.0, 33.0, 35.0, 36.0], '116.0', '0.9607843137254902\n']    1
[[1.0, 2.0, 3.0, 4.0, 14.0, 16.0, 18.0, 19.0, 21.0, 22.0, 25.0, 26.0, 28.0, 29.0, 30.0, 31.0, 33.0, 36.0], '116.0', '0.9568627450980393\n']    1
[[1.0, 2.0, 3.0, 4.0, 14.0, 16.0, 18.0, 19.0, 21.0, 22.0, 24.0, 26.0, 29.0, 30.0, 31.0, 32.0, 35.0, 36.0], '116.0', '0.9549019607843138\n']    1
[[1.0, 2.0, 3.0, 4.0, 14.0, 16.0, 18.0, 19.0, 20.0, 21.0, 22.0, 25.0, 26.0, 27.0, 29.0, 32.0, 35.0, 36.0], '116.0', '0.9607843137254902\n']    1
[[1.0, 2.0, 3.0, 4.0, 14.0, 16.0, 17.0, 18.0, 21.0, 24.0, 26.0, 27.0, 29.0, 31.0, 32.0, 35.0, 36.0], '116.0', '0.9529411764705882\n']    1
[[1.0, 2.0, 3.0, 4.0, 14.0, 16.0, 17.0, 18.0, 21.0, 24.0, 25.0, 26.0, 28.0, 29.0, 31.0, 35.0, 36.0], '116.0', '0.9568627450980393\n']    1
[[1.0, 2.0, 3.0, 4.0, 14.0, 16.0, 17.0, 18.0, 21.0, 22.0, 24.0, 26.0, 29.0, 31.0, 32.0, 35.0, 36.0], '116.0', '0.9549019607843138\n']    1
[[1.0, 2.0, 3.0, 4.0, 14.0, 16.0, 17.0, 18.0, 21.0, 22.0, 23.0, 25.0, 26.0, 28.0, 29.0, 33.0, 34.0, 36.0], '116.0', '0.9549019607843138\n']    1
[[1.0, 2.0, 3.0, 4.0, 14.0, 16.0, 17.0, 18.0, 21.0, 22.0, 23.0, 24.0, 27.0, 29.0, 31.0, 32.0, 35.0, 36.0], '116.0', '0.9558823529411765\n']    1
[[1.0, 2.0, 3.0, 4.0, 14.0, 16.0, 17.0, 18.0, 20.0, 21.0, 24.0, 25.0, 27.0, 29.0, 31.0, 32.0, 35.0, 36.0], '116.0', '0.961764705882353\n']    1
[[1.0, 2.0, 3.0, 4.0, 14.0, 16.0, 17.0, 18.0, 20.0, 21.0, 23.0, 25.0, 26.0, 27.0, 29.0, 32.0, 35.0, 36.0], '116.0', '0.957843137254902\n']    1
[[1.0, 2.0, 3.0, 4.0, 14.0, 16.0, 17.0, 18.0, 20.0, 21.0, 23.0, 24.0, 25.0, 26.0, 27.0, 29.0, 31.0, 34.0, 35.0, 36.0], '116.0', '0.9583333333333334\n']    1
[[1.0, 2.0, 3.0, 4.0, 14.0, 16.0, 17.0, 18.0, 20.0, 21.0, 22.0, 23.0, 24.0, 25.0, 27.0, 29.0, 31.0, 32.0, 33.0, 36.0], '116.0', '0.9558823529411765\n']    1
[[1.0, 2.0, 3.0, 4.0, 14.0, 16.0, 17.0, 18.0, 20.0, 21.0, 22.0, 23.0, 24.0, 25.0, 26.0, 27.0, 29.0, 31.0, 33.0, 34.0, 36.0], '116.0', '0.9563725490196079\n']    1
[[1.0, 2.0, 3.0, 4.0, 14.0, 16.0, 17.0, 18.0, 19.0, 22.0, 24.0, 25.0, 26.0, 28.0, 29.0, 35.0, 36.0], '116.0', '0.9549019607843138\n']    1
[[1.0, 2.0, 3.0, 4.0, 14.0, 16.0, 17.0, 18.0, 19.0, 21.0, 23.0, 26.0, 28.0, 29.0, 30.0, 31.0, 35.0, 36.0], '116.0', '0.9568627450980393\n']    1
[[1.0, 2.0, 3.0, 4.0, 14.0, 16.0, 17.0, 18.0, 19.0, 21.0, 22.0, 24.0, 27.0, 29.0, 31.0, 32.0, 35.0, 36.0], '116.0', '0.9627450980392157\n']    1
[[1.0, 2.0, 3.0, 4.0, 14.0, 16.0, 17.0, 18.0, 19.0, 20.0, 21.0, 24.0, 25.0, 27.0, 29.0, 31.0, 32.0, 35.0, 36.0], '116.0', '0.9588235294117647\n']    1
[[1.0, 2.0, 3.0, 4.0, 14.0, 15.0, 18.0, 20.0, 22.0, 25.0, 26.0, 28.0, 29.0, 30.0, 31.0, 33.0, 36.0], '116.0', '0.9568627450980393\n']    1
